事故开始时间： 1000, 事故结束时间：2500， Headway 为： 200.
Train: 1
0 30 220 250 358 388 545 575 710 745 835 865 979 1009 1112 1142 1246 1276 1440 1470 1620 1650 1790 1825 1927 1972 2077 2107 
Train: 2
2442 2412 2217 2187 2072 2042 1885 1855 1710 1358 1268 1238 1127 1097 996 966 863 833 671 641 491 461 320 285 185 140 30 0 
Train: 3
200 230 420 450 558 588 745 775 910 945 1035 1065 1179 1209 1312 1342 1446 1476 1640 1670 1820 1850 1990 2025 2127 2172 2277 2307 
Train: 4
3212 3182 2987 2957 2852 2822 2665 2635 2500 1802 1712 1438 1327 1297 1196 1166 1063 1033 871 841 691 661 520 485 385 340 230 200 
Train: 5
400 430 620 650 758 788 945 975 1110 1145 1235 1265 1379 1409 1512 1542 1646 1676 1840 1870 2020 2050 2190 2225 2327 2372 2477 2507 
Train: 6
3369 3339 3144 3114 3009 2979 2822 2760 2625 2590 2500 1823 1712 1497 1396 1366 1263 1233 1071 1041 891 861 720 685 585 540 430 400 
Train: 7
600 630 820 850 958 988 1145 1175 1310 1345 1435 1465 1579 1609 1712 1742 1846 1876 2040 2070 2220 2250 2390 2425 2527 2572 2677 2707 
Train: 8
3534 3504 3309 3279 3174 3144 2987 2957 2822 2731 2641 2611 2500 1813 1712 1566 1463 1433 1271 1241 1091 1061 920 885 785 740 630 600 
Train: 9
800 830 1020 1050 1158 1188 1345 1375 1510 1545 1635 1665 1779 1809 1912 1942 2046 2076 2240 2270 2420 2450 2590 2625 2727 2772 2877 2907 
Train: 10
3691 3661 3466 3436 3331 3301 3144 3114 2979 2912 2822 2742 2631 2601 2500 1815 1712 1633 1471 1441 1291 1261 1120 1085 985 940 830 800 
Train: 11
1000 1030 1220 1250 1358 1388 1545 1575 1710 1745 1835 1865 1979 2009 2112 2142 2246 2276 2440 2470 2620 2650 2790 2825 2927 2972 3077 3107 
Train: 12
3856 3826 3631 3601 3496 3466 3309 3279 3144 3069 2979 2933 2822 2734 2633 2603 2500 1874 1712 1641 1491 1461 1320 1285 1185 1140 1030 1000 
Train: 13
1200 1230 1420 2076 2184 2214 2371 2401 2536 2571 2661 2691 2805 2835 2938 2968 3072 3102 3266 3296 3446 3476 3616 3651 3753 3798 3903 3933 
Train: 14
4013 3983 3788 3758 3653 3623 3466 3436 3301 3234 3144 3090 2979 2926 2825 2795 2692 2662 2500 1862 1712 1661 1520 1485 1385 1340 1230 1200 
Train: 15
1400 2076 2266 2500 2608 2638 2795 2825 2960 2995 3085 3115 3229 3259 3362 3392 3496 3526 3690 3720 3870 3900 4040 4075 4177 4222 4327 4357 
Train: 16
4178 4148 3953 3923 3818 3788 3631 3601 3466 3391 3301 3255 3144 3106 3005 2975 2872 2842 2680 2650 2500 1861 1720 1685 1585 1540 1430 1400 
Train: 17
1600 2500 2690 2720 2828 2858 3015 3045 3180 3215 3305 3335 3449 3479 3582 3612 3716 3746 3910 3940 4090 4120 4260 4295 4397 4442 4547 4577 
Train: 18
4335 4305 4110 4080 3975 3945 3788 3758 3623 3556 3466 3418 3307 3277 3176 3146 3043 3013 2851 2821 2671 2641 2500 1885 1785 1740 1630 1600 
Train: 19
1800 2707 2897 2927 3035 3065 3222 3252 3387 3422 3512 3542 3656 3686 3789 3819 3923 3953 4117 4147 4297 4327 4467 4502 4604 4649 4754 4784 
Train: 20
4500 4470 4275 4245 4140 4110 3953 3923 3788 3713 3623 3577 3466 3428 3327 3297 3194 3164 3002 2972 2822 2776 2635 2600 2500 1940 1830 1800 
Train: 21
2000 2907 3097 3127 3235 3265 3422 3452 3587 3622 3712 3742 3856 3886 3989 4019 4123 4153 4317 4347 4497 4527 4667 4702 4804 4849 4954 4984 
Train: 22
4657 4627 4432 4402 4297 4267 4110 4080 3945 3878 3788 3740 3629 3599 3498 3468 3365 3335 3173 3143 2993 2963 2822 2755 2655 2610 2500 2000 
Train: 23
2200 3107 3297 3327 3435 3465 3622 3652 3787 3822 3912 3942 4056 4086 4189 4219 4323 4353 4517 4547 4697 4727 4867 4902 5004 5049 5154 5184 
Train: 24
4822 4792 4597 4567 4462 4432 4275 4245 4110 4035 3945 3915 3804 3774 3673 3643 3540 3510 3348 3318 3168 3138 2997 2962 2862 2817 2707 2200 
Train: 25
2400 3307 3497 3527 3635 3665 3822 3852 3987 4022 4112 4142 4256 4286 4389 4419 4523 4553 4717 4747 4897 4927 5067 5102 5204 5249 5354 5384 
Train: 26
4982 4952 4757 4727 4622 4592 4435 4405 4270 4235 4145 4115 4004 3974 3873 3843 3740 3710 3548 3518 3368 3338 3197 3162 3062 3017 2907 2400 
Train: 27
2600 3510 3700 3730 3838 3868 4025 4055 4190 4225 4315 4345 4459 4489 4592 4622 4726 4756 4920 4950 5100 5130 5270 5305 5407 5452 5557 5587 
Train: 28
5182 5152 4957 4927 4822 4792 4635 4605 4470 4435 4345 4315 4204 4174 4073 4043 3940 3910 3748 3718 3568 3538 3397 3362 3262 3217 3107 2600 
Train: 29
2800 3710 3900 3930 4038 4068 4225 4255 4390 4425 4515 4545 4659 4689 4792 4822 4926 4956 5120 5150 5300 5330 5470 5505 5607 5652 5757 5787 
Train: 30
5382 5352 5157 5127 5022 4992 4835 4805 4670 4635 4545 4515 4404 4374 4273 4243 4140 4110 3948 3918 3768 3738 3597 3562 3462 3417 3307 2800 
Train: 31
3000 3910 4100 4130 4238 4268 4425 4455 4590 4625 4715 4745 4859 4889 4992 5022 5126 5156 5320 5350 5500 5530 5670 5705 5807 5852 5957 5987 
Train: 32
5585 5555 5360 5330 5225 5195 5038 5008 4873 4838 4748 4718 4607 4577 4476 4446 4343 4313 4151 4121 3971 3941 3800 3765 3665 3620 3510 3000 
Train: 33
3200 4110 4300 4330 4438 4468 4625 4655 4790 4825 4915 4945 5059 5089 5192 5222 5326 5356 5520 5550 5700 5730 5870 5905 6007 6052 6157 6187 
Train: 34
5785 5755 5560 5530 5425 5395 5238 5208 5073 5038 4948 4918 4807 4777 4676 4646 4543 4513 4351 4321 4171 4141 4000 3965 3865 3820 3710 3200 
Train: 35
3400 4313 4503 4533 4641 4671 4828 4858 4993 5028 5118 5148 5262 5292 5395 5425 5529 5559 5723 5753 5903 5933 6073 6108 6210 6255 6360 6390 
Train: 36
5985 5955 5760 5730 5625 5595 5438 5408 5273 5238 5148 5118 5007 4977 4876 4846 4743 4713 4551 4521 4371 4341 4200 4165 4065 4020 3910 3400 
Train: 37
3600 4513 4703 4733 4841 4871 5028 5058 5193 5228 5318 5348 5462 5492 5595 5625 5729 5759 5923 5953 6103 6133 6273 6308 6410 6455 6560 6590 
Train: 38
6185 6155 5960 5930 5825 5795 5638 5608 5473 5438 5348 5318 5207 5177 5076 5046 4943 4913 4751 4721 4571 4541 4400 4365 4265 4220 4110 3600 
Train: 39
3800 4713 4903 4933 5041 5071 5228 5258 5393 5428 5518 5548 5662 5692 5795 5825 5929 5959 6123 6153 6303 6333 6473 6508 6610 6655 6760 6790 
Train: 40
6388 6358 6163 6133 6028 5998 5841 5811 5676 5641 5551 5521 5410 5380 5279 5249 5146 5116 4954 4924 4774 4744 4603 4568 4468 4423 4313 3800 

Delay time of train 1 is: 0 Seconds;
Delay time of train 2 is: 337 Seconds;
Delay time of train 3 is: 0 Seconds;
Delay time of train 4 is: 907 Seconds;
Delay time of train 5 is: 0 Seconds;
Delay time of train 6 is: 864 Seconds;
Delay time of train 7 is: 0 Seconds;
Delay time of train 8 is: 829 Seconds;
Delay time of train 9 is: 0 Seconds;
Delay time of train 10 is: 786 Seconds;
Delay time of train 11 is: 0 Seconds;
Delay time of train 12 is: 751 Seconds;
Delay time of train 13 is: 626 Seconds;
Delay time of train 14 is: 708 Seconds;
Delay time of train 15 is: 850 Seconds;
Delay time of train 16 is: 673 Seconds;
Delay time of train 17 is: 870 Seconds;
Delay time of train 18 is: 630 Seconds;
Delay time of train 19 is: 877 Seconds;
Delay time of train 20 is: 595 Seconds;
Delay time of train 21 is: 877 Seconds;
Delay time of train 22 is: 552 Seconds;
Delay time of train 23 is: 877 Seconds;
Delay time of train 24 is: 517 Seconds;
Delay time of train 25 is: 877 Seconds;
Delay time of train 26 is: 477 Seconds;
Delay time of train 27 is: 880 Seconds;
Delay time of train 28 is: 477 Seconds;
Delay time of train 29 is: 880 Seconds;
Delay time of train 30 is: 477 Seconds;
Delay time of train 31 is: 880 Seconds;
Delay time of train 32 is: 480 Seconds;
Delay time of train 33 is: 880 Seconds;
Delay time of train 34 is: 480 Seconds;
Delay time of train 35 is: 883 Seconds;
Delay time of train 36 is: 480 Seconds;
Delay time of train 37 is: 883 Seconds;
Delay time of train 38 is: 480 Seconds;
Delay time of train 39 is: 883 Seconds;
Delay time of train 40 is: 483 Seconds;

The sum delay time is: 24006 Seconds, i.e., 400 min or 6.668334 hours.
受影响的列车有： 34 辆列车，其中最大延迟时间是： 907 Seconds, 为如下列车：
Train: 4, 
原始的线路清空时间: 5907 Seconds, i.e., 98 min or 1.640833 hours.
调整图的线路清空时间: 6790 Seconds, i.e., 113 min or 1.886111 hours.
线路清空时间延迟: 883 Seconds, i.e., 14 min or 0.2452778 hours.
CPU time is 8 milliseconds, i.e., 0 seconds
