事故开始时间： 1000, 事故结束时间：2500， Headway 为： 160.
Train: 1
0 30 220 250 358 388 545 575 710 745 835 865 979 1009 1112 1142 1246 1276 1440 1470 1620 1650 1790 1825 1927 1972 2077 2107 
Train: 2
2562 2532 2337 2307 2192 2162 2005 1975 1830 1358 1268 1238 1127 1097 996 966 863 833 671 641 491 461 320 285 185 140 30 0 
Train: 3
160 190 380 410 518 548 705 735 870 905 995 1025 1139 1169 1272 1302 1406 1436 1600 1630 1780 1810 1950 1985 2087 2132 2237 2267 
Train: 4
3212 3182 2987 2957 2852 2822 2665 2635 2500 1955 1865 1398 1287 1257 1156 1126 1023 993 831 801 651 621 480 445 345 300 190 160 
Train: 5
320 350 540 570 678 708 865 895 1030 1065 1155 1185 1299 1329 1432 1462 1566 1596 1760 1790 1940 1970 2110 2145 2247 2292 2397 2427 
Train: 6
3369 3339 3144 3114 3009 2979 2822 2760 2625 2590 2500 1976 1865 1417 1316 1286 1183 1153 991 961 811 781 640 605 505 460 350 320 
Train: 7
480 510 700 730 838 868 1025 1055 1190 1225 1315 1345 1459 1489 1592 1622 1726 1756 1920 1950 2100 2130 2270 2305 2407 2452 2557 2587 
Train: 8
3534 3504 3309 3279 3174 3144 2987 2957 2822 2731 2641 2611 2500 1966 1865 1446 1343 1313 1151 1121 971 941 800 765 665 620 510 480 
Train: 9
640 670 860 890 998 1028 1185 1215 1350 1385 1475 1505 1619 1649 1752 1782 1886 1916 2080 2110 2260 2290 2430 2465 2567 2612 2717 2747 
Train: 10
3691 3661 3466 3436 3331 3301 3144 3114 2979 2912 2822 2742 2631 2601 2500 1968 1865 1473 1311 1281 1131 1101 960 925 825 780 670 640 
Train: 11
800 830 1020 1050 1158 1188 1345 1375 1510 1545 1635 1665 1779 1809 1912 1942 2046 2076 2240 2270 2420 2450 2590 2625 2727 2772 2877 2907 
Train: 12
3856 3826 3631 3601 3496 3466 3309 3279 3144 3069 2979 2933 2822 2734 2633 2603 2500 2027 1865 1441 1291 1261 1120 1085 985 940 830 800 
Train: 13
960 990 1180 1210 1318 1348 1505 1535 1670 1705 1795 1825 1939 1969 2072 2102 2206 2236 2400 2430 2580 2610 2750 2785 2887 2932 3037 3067 
Train: 14
4013 3983 3788 3758 3653 3623 3466 3436 3301 3234 3144 3090 2979 2926 2825 2795 2692 2662 2500 2015 1865 1421 1280 1245 1145 1100 990 960 
Train: 15
1120 1150 1340 1370 1478 1508 1665 1695 1830 1865 1955 1985 2099 2129 2232 2262 2366 2396 2560 2590 2740 2770 2910 2945 3047 3092 3197 3227 
Train: 16
4178 4148 3953 3923 3818 3788 3631 3601 3466 3391 3301 3255 3144 3106 3005 2975 2872 2842 2680 2650 2500 2006 1865 1405 1305 1260 1150 1120 
Train: 17
1280 1340 1530 2206 2314 2344 2501 2531 2666 2701 2791 2821 2935 2965 3068 3098 3202 3232 3396 3426 3576 3606 3746 3781 3883 3928 4033 4063 
Train: 18
4335 4305 4110 4080 3975 3945 3788 3758 3623 3556 3466 3418 3307 3277 3176 3146 3043 3013 2851 2821 2671 2641 2500 1965 1865 1420 1310 1280 
Train: 19
1440 2206 2396 2500 2608 2638 2795 2825 2960 2995 3085 3115 3229 3259 3362 3392 3496 3526 3690 3720 3870 3900 4040 4075 4177 4222 4327 4357 
Train: 20
4500 4470 4275 4245 4140 4110 3953 3923 3788 3713 3623 3577 3466 3428 3327 3297 3194 3164 3002 2972 2822 2776 2635 2600 2500 1975 1865 1440 
Train: 21
1600 2500 2690 2720 2828 2858 3015 3045 3180 3215 3305 3335 3449 3479 3582 3612 3716 3746 3910 3940 4090 4120 4260 4295 4397 4442 4547 4577 
Train: 22
4657 4627 4432 4402 4297 4267 4110 4080 3945 3878 3788 3740 3629 3599 3498 3468 3365 3335 3173 3143 2993 2963 2822 2755 2655 2610 2500 1600 
Train: 23
1760 2662 2852 2882 2990 3020 3177 3207 3342 3377 3467 3497 3611 3641 3744 3774 3878 3908 4072 4102 4252 4282 4422 4457 4559 4604 4709 4739 
Train: 24
4822 4792 4597 4567 4462 4432 4275 4245 4110 4035 3945 3899 3788 3756 3655 3625 3522 3492 3330 3300 3150 3120 2979 2922 2822 2772 2662 1760 
Train: 25
1920 2822 3012 3042 3150 3180 3337 3367 3502 3537 3627 3657 3771 3801 3904 3934 4038 4068 4232 4262 4412 4442 4582 4617 4719 4764 4869 4899 
Train: 26
4979 4949 4754 4724 4619 4589 4432 4402 4267 4200 4110 4062 3951 3921 3820 3790 3687 3657 3495 3465 3315 3285 3144 3079 2979 2932 2822 1920 
Train: 27
2080 2987 3177 3207 3315 3345 3502 3532 3667 3702 3792 3822 3936 3966 4069 4099 4203 4233 4397 4427 4577 4607 4747 4782 4884 4929 5034 5064 
Train: 28
5144 5114 4919 4889 4784 4754 4597 4567 4432 4357 4267 4221 4110 4078 3977 3947 3844 3814 3652 3622 3472 3442 3301 3244 3144 3097 2987 2080 
Train: 29
2240 3150 3340 3370 3478 3508 3665 3695 3830 3865 3955 3985 4099 4129 4232 4262 4366 4396 4560 4590 4740 4770 4910 4945 5047 5092 5197 5227 
Train: 30
5301 5271 5076 5046 4941 4911 4754 4724 4589 4522 4432 4384 4273 4243 4142 4112 4009 3979 3817 3787 3637 3607 3466 3405 3305 3260 3150 2240 
Train: 31
2400 3315 3505 3535 3643 3673 3830 3860 3995 4030 4120 4150 4264 4294 4397 4427 4531 4561 4725 4755 4905 4935 5075 5110 5212 5257 5362 5392 
Train: 32
5466 5436 5241 5211 5106 5076 4919 4889 4754 4679 4589 4543 4432 4400 4299 4269 4166 4136 3974 3944 3794 3764 3623 3570 3470 3425 3315 2400 
Train: 33
2560 3478 3668 3698 3806 3836 3993 4023 4158 4193 4283 4313 4427 4457 4560 4590 4694 4724 4888 4918 5068 5098 5238 5273 5375 5420 5525 5555 
Train: 34
5623 5593 5398 5368 5263 5233 5076 5046 4911 4844 4754 4706 4595 4565 4464 4434 4331 4301 4139 4109 3959 3929 3788 3733 3633 3588 3478 2560 
Train: 35
2720 3641 3831 3861 3969 3999 4156 4186 4321 4356 4446 4476 4590 4620 4723 4753 4857 4887 5051 5081 5231 5261 5401 5436 5538 5583 5688 5718 
Train: 36
5788 5758 5563 5533 5428 5398 5241 5211 5076 5001 4911 4865 4754 4722 4621 4591 4488 4458 4296 4266 4116 4086 3945 3896 3796 3751 3641 2720 
Train: 37
2880 3801 3991 4021 4129 4159 4316 4346 4481 4516 4606 4636 4750 4780 4883 4913 5017 5047 5211 5241 5391 5421 5561 5596 5698 5743 5848 5878 
Train: 38
5945 5915 5720 5690 5585 5555 5398 5368 5233 5166 5076 5028 4917 4887 4786 4756 4653 4623 4461 4431 4281 4251 4110 4056 3956 3911 3801 2880 
Train: 39
3040 3966 4156 4186 4294 4324 4481 4511 4646 4681 4771 4801 4915 4945 5048 5078 5182 5212 5376 5406 5556 5586 5726 5761 5863 5908 6013 6043 
Train: 40
6110 6080 5885 5855 5750 5720 5563 5533 5398 5323 5233 5187 5076 5044 4943 4913 4810 4780 4618 4588 4438 4408 4267 4221 4121 4076 3966 3040 

Delay time of train 1 is: 0 Seconds;
Delay time of train 2 is: 457 Seconds;
Delay time of train 3 is: 0 Seconds;
Delay time of train 4 is: 947 Seconds;
Delay time of train 5 is: 0 Seconds;
Delay time of train 6 is: 944 Seconds;
Delay time of train 7 is: 0 Seconds;
Delay time of train 8 is: 949 Seconds;
Delay time of train 9 is: 0 Seconds;
Delay time of train 10 is: 946 Seconds;
Delay time of train 11 is: 0 Seconds;
Delay time of train 12 is: 951 Seconds;
Delay time of train 13 is: 0 Seconds;
Delay time of train 14 is: 948 Seconds;
Delay time of train 15 is: 0 Seconds;
Delay time of train 16 is: 953 Seconds;
Delay time of train 17 is: 676 Seconds;
Delay time of train 18 is: 950 Seconds;
Delay time of train 19 is: 810 Seconds;
Delay time of train 20 is: 955 Seconds;
Delay time of train 21 is: 870 Seconds;
Delay time of train 22 is: 952 Seconds;
Delay time of train 23 is: 872 Seconds;
Delay time of train 24 is: 957 Seconds;
Delay time of train 25 is: 872 Seconds;
Delay time of train 26 is: 954 Seconds;
Delay time of train 27 is: 877 Seconds;
Delay time of train 28 is: 959 Seconds;
Delay time of train 29 is: 880 Seconds;
Delay time of train 30 is: 956 Seconds;
Delay time of train 31 is: 885 Seconds;
Delay time of train 32 is: 961 Seconds;
Delay time of train 33 is: 888 Seconds;
Delay time of train 34 is: 958 Seconds;
Delay time of train 35 is: 891 Seconds;
Delay time of train 36 is: 963 Seconds;
Delay time of train 37 is: 891 Seconds;
Delay time of train 38 is: 960 Seconds;
Delay time of train 39 is: 896 Seconds;
Delay time of train 40 is: 965 Seconds;

The sum delay time is: 28893 Seconds, i.e., 481 min or 8.025833 hours.
受影响的列车有： 32 辆列车，其中最大延迟时间是： 965 Seconds, 为如下列车：
Train: 40, 
原始的线路清空时间: 5147 Seconds, i.e., 85 min or 1.429722 hours.
调整图的线路清空时间: 6110 Seconds, i.e., 101 min or 1.697222 hours.
线路清空时间延迟: 963 Seconds, i.e., 16 min or 0.2675 hours.
CPU time is 9 milliseconds, i.e., 0 seconds
