事故开始时间： 1000, 事故结束时间：2500， Headway 为： 120.
Train: 1
0 30 220 250 358 388 545 575 710 745 835 865 979 1009 1112 1142 1246 1276 1440 1470 1620 1650 1790 1825 1927 1972 2077 2107 
Train: 2
2522 2492 2297 2267 2152 2122 1965 1935 1790 1358 1268 1238 1127 1097 996 966 863 833 671 641 491 461 320 285 185 140 30 0 
Train: 3
120 150 340 370 478 508 665 695 830 865 955 985 1099 1129 1232 1262 1366 1396 1560 1590 1740 1770 1910 1945 2047 2092 2197 2227 
Train: 4
3212 3182 2987 2957 2852 2822 2665 2635 2500 1885 1795 1358 1247 1217 1116 1086 983 953 791 761 611 581 440 405 305 260 150 120 
Train: 5
240 270 460 490 598 628 785 815 950 985 1075 1105 1219 1249 1352 1382 1486 1516 1680 1710 1860 1890 2030 2065 2167 2212 2317 2347 
Train: 6
3369 3339 3144 3114 3009 2979 2822 2760 2625 2590 2500 1906 1795 1337 1236 1206 1103 1073 911 881 731 701 560 525 425 380 270 240 
Train: 7
360 390 580 610 718 748 905 935 1070 1105 1195 1225 1339 1369 1472 1502 1606 1636 1800 1830 1980 2010 2150 2185 2287 2332 2437 2467 
Train: 8
3534 3504 3309 3279 3174 3144 2987 2957 2822 2731 2641 2611 2500 1896 1795 1326 1223 1193 1031 1001 851 821 680 645 545 500 390 360 
Train: 9
480 510 700 730 838 868 1025 1055 1190 1225 1315 1345 1459 1489 1592 1622 1726 1756 1920 1950 2100 2130 2270 2305 2407 2452 2557 2587 
Train: 10
3691 3661 3466 3436 3331 3301 3144 3114 2979 2912 2822 2742 2631 2601 2500 1898 1795 1313 1151 1121 971 941 800 765 665 620 510 480 
Train: 11
600 630 820 850 958 988 1145 1175 1310 1345 1435 1465 1579 1609 1712 1742 1846 1876 2040 2070 2220 2250 2390 2425 2527 2572 2677 2707 
Train: 12
3856 3826 3631 3601 3496 3466 3309 3279 3144 3069 2979 2933 2822 2734 2633 2603 2500 1957 1795 1241 1091 1061 920 885 785 740 630 600 
Train: 13
720 750 940 970 1078 1108 1265 1295 1430 1465 1555 1585 1699 1729 1832 1862 1966 1996 2160 2190 2340 2370 2510 2545 2647 2692 2797 2827 
Train: 14
4013 3983 3788 3758 3653 3623 3466 3436 3301 3234 3144 3090 2979 2926 2825 2795 2692 2662 2500 1945 1795 1181 1040 1005 905 860 750 720 
Train: 15
840 870 1060 1090 1198 1228 1385 1415 1550 1585 1675 1705 1819 1849 1952 1982 2086 2116 2280 2310 2460 2490 2630 2665 2767 2812 2917 2947 
Train: 16
4178 4148 3953 3923 3818 3788 3631 3601 3466 3391 3301 3255 3144 3106 3005 2975 2872 2842 2680 2650 2500 1936 1795 1125 1025 980 870 840 
Train: 17
960 990 1180 1210 1318 1348 1505 1535 1670 1705 1795 1825 1939 1969 2072 2102 2206 2236 2400 2430 2580 2610 2750 2785 2887 2932 3037 3067 
Train: 18
4335 4305 4110 4080 3975 3945 3788 3758 3623 3556 3466 3418 3307 3277 3176 3146 3043 3013 2851 2821 2671 2641 2500 1895 1795 1100 990 960 
Train: 19
1080 1110 1300 1330 1438 1468 1625 1655 1790 1825 1915 1945 2059 2089 2192 2222 2326 2356 2520 2550 2700 2730 2870 2905 3007 3052 3157 3187 
Train: 20
4500 4470 4275 4245 4140 4110 3953 3923 3788 3713 3623 3577 3466 3428 3327 3297 3194 3164 3002 2972 2822 2776 2635 2600 2500 1905 1795 1080 
Train: 21
1200 1230 1420 2160 2268 2298 2455 2485 2620 2655 2745 2775 2889 2919 3022 3052 3156 3186 3350 3380 3530 3560 3700 3735 3837 3882 3987 4017 
Train: 22
4657 4627 4432 4402 4297 4267 4110 4080 3945 3878 3788 3740 3629 3599 3498 3468 3365 3335 3173 3143 2993 2963 2822 2755 2655 2610 2500 1200 
Train: 23
1320 2160 2350 2500 2608 2638 2795 2825 2960 2995 3085 3115 3229 3259 3362 3392 3496 3526 3690 3720 3870 3900 4040 4075 4177 4222 4327 4357 
Train: 24
4822 4792 4597 4567 4462 4432 4275 4245 4110 4035 3945 3899 3788 3756 3655 3625 3522 3492 3330 3300 3150 3120 2979 2922 2822 2730 2620 1320 
Train: 25
1440 2500 2690 2720 2828 2858 3015 3045 3180 3215 3305 3335 3449 3479 3582 3612 3716 3746 3910 3940 4090 4120 4260 4295 4397 4442 4547 4577 
Train: 26
4979 4949 4754 4724 4619 4589 4432 4402 4267 4200 4110 4062 3951 3921 3820 3790 3687 3657 3495 3465 3315 3285 3144 3079 2979 2932 2822 1440 
Train: 27
1560 2620 2810 2840 2948 2978 3135 3165 3300 3335 3425 3455 3569 3599 3702 3732 3836 3866 4030 4060 4210 4240 4380 4415 4517 4562 4667 4697 
Train: 28
5144 5114 4919 4889 4784 4754 4597 4567 4432 4357 4267 4221 4110 4078 3977 3947 3844 3814 3652 3622 3472 3442 3301 3244 3144 3089 2979 1560 
Train: 29
1680 2742 2932 2962 3070 3100 3257 3287 3422 3457 3547 3577 3691 3721 3824 3854 3958 3988 4152 4182 4332 4362 4502 4537 4639 4684 4789 4819 
Train: 30
5301 5271 5076 5046 4941 4911 4754 4724 4589 4522 4432 4384 4273 4243 4142 4112 4009 3979 3817 3787 3637 3607 3466 3401 3301 3254 3144 1680 
Train: 31
1800 2870 3060 3090 3198 3228 3385 3415 3550 3585 3675 3705 3819 3849 3952 3982 4086 4116 4280 4310 4460 4490 4630 4665 4767 4812 4917 4947 
Train: 32
5466 5436 5241 5211 5106 5076 4919 4889 4754 4679 4589 4543 4432 4400 4299 4269 4166 4136 3974 3944 3794 3764 3623 3566 3466 3411 3301 1800 
Train: 33
1920 2993 3183 3213 3321 3351 3508 3538 3673 3708 3798 3828 3942 3972 4075 4105 4209 4239 4403 4433 4583 4613 4753 4788 4890 4935 5040 5070 
Train: 34
5623 5593 5398 5368 5263 5233 5076 5046 4911 4844 4754 4706 4595 4565 4464 4434 4331 4301 4139 4109 3959 3929 3788 3723 3623 3576 3466 1920 
Train: 35
2040 3114 3304 3334 3442 3472 3629 3659 3794 3829 3919 3949 4063 4093 4196 4226 4330 4360 4524 4554 4704 4734 4874 4909 5011 5056 5161 5191 
Train: 36
5788 5758 5563 5533 5428 5398 5241 5211 5076 5001 4911 4865 4754 4722 4621 4591 4488 4458 4296 4266 4116 4086 3945 3888 3788 3733 3623 2040 
Train: 37
2160 3234 3424 3454 3562 3592 3749 3779 3914 3949 4039 4069 4183 4213 4316 4346 4450 4480 4644 4674 4824 4854 4994 5029 5131 5176 5281 5311 
Train: 38
5945 5915 5720 5690 5585 5555 5398 5368 5233 5166 5076 5028 4917 4887 4786 4756 4653 4623 4461 4431 4281 4251 4110 4045 3945 3898 3788 2160 
Train: 39
2280 3362 3552 3582 3690 3720 3877 3907 4042 4077 4167 4197 4311 4341 4444 4474 4578 4608 4772 4802 4952 4982 5122 5157 5259 5304 5409 5439 
Train: 40
6110 6080 5885 5855 5750 5720 5563 5533 5398 5323 5233 5187 5076 5044 4943 4913 4810 4780 4618 4588 4438 4408 4267 4210 4110 4055 3945 2280 

Delay time of train 1 is: 0 Seconds;
Delay time of train 2 is: 417 Seconds;
Delay time of train 3 is: 0 Seconds;
Delay time of train 4 is: 987 Seconds;
Delay time of train 5 is: 0 Seconds;
Delay time of train 6 is: 1024 Seconds;
Delay time of train 7 is: 0 Seconds;
Delay time of train 8 is: 1069 Seconds;
Delay time of train 9 is: 0 Seconds;
Delay time of train 10 is: 1106 Seconds;
Delay time of train 11 is: 0 Seconds;
Delay time of train 12 is: 1151 Seconds;
Delay time of train 13 is: 0 Seconds;
Delay time of train 14 is: 1188 Seconds;
Delay time of train 15 is: 0 Seconds;
Delay time of train 16 is: 1233 Seconds;
Delay time of train 17 is: 0 Seconds;
Delay time of train 18 is: 1270 Seconds;
Delay time of train 19 is: 0 Seconds;
Delay time of train 20 is: 1315 Seconds;
Delay time of train 21 is: 710 Seconds;
Delay time of train 22 is: 1352 Seconds;
Delay time of train 23 is: 930 Seconds;
Delay time of train 24 is: 1397 Seconds;
Delay time of train 25 is: 1030 Seconds;
Delay time of train 26 is: 1434 Seconds;
Delay time of train 27 is: 1030 Seconds;
Delay time of train 28 is: 1479 Seconds;
Delay time of train 29 is: 1032 Seconds;
Delay time of train 30 is: 1516 Seconds;
Delay time of train 31 is: 1040 Seconds;
Delay time of train 32 is: 1561 Seconds;
Delay time of train 33 is: 1043 Seconds;
Delay time of train 34 is: 1598 Seconds;
Delay time of train 35 is: 1044 Seconds;
Delay time of train 36 is: 1643 Seconds;
Delay time of train 37 is: 1044 Seconds;
Delay time of train 38 is: 1680 Seconds;
Delay time of train 39 is: 1052 Seconds;
Delay time of train 40 is: 1725 Seconds;

The sum delay time is: 36100 Seconds, i.e., 601 min or 10.02778 hours.
受影响的列车有： 30 辆列车，其中最大延迟时间是： 1725 Seconds, 为如下列车：
Train: 40, 
原始的线路清空时间: 4387 Seconds, i.e., 73 min or 1.218611 hours.
调整图的线路清空时间: 6110 Seconds, i.e., 101 min or 1.697222 hours.
线路清空时间延迟: 1723 Seconds, i.e., 28 min or 0.4786111 hours.
CPU time is 13 milliseconds, i.e., 0 seconds
