事故开始时间： 1500, 事故结束时间：2800， Headway 为： 120.
Train: 1
0 30 220 250 358 388 545 575 710 745 835 865 979 1009 1112 1142 1246 1276 1440 1470 1620 1650 1790 1825 1927 1972 2077 2107 
Train: 2
3347 3317 3122 3092 2987 2957 2800 1538 1393 1358 1268 1238 1127 1097 996 966 863 833 671 641 491 461 320 285 185 140 30 0 
Train: 3
120 150 340 370 478 508 665 695 830 865 955 985 1099 1129 1232 1262 1366 1396 1560 1590 1740 1770 1910 1945 2047 2092 2197 2227 
Train: 4
2642 2612 2417 2387 2272 2242 2085 2055 1910 1478 1388 1358 1247 1217 1116 1086 983 953 791 761 611 581 440 405 305 260 150 120 
Train: 5
240 270 460 490 598 628 785 815 950 985 1075 1105 1219 1249 1352 1382 1486 1516 1680 1710 1860 1890 2030 2065 2167 2212 2317 2347 
Train: 6
3504 3474 3279 3249 3144 3114 2957 2875 2740 2005 1915 1478 1367 1337 1236 1206 1103 1073 911 881 731 701 560 525 425 380 270 240 
Train: 7
360 390 580 610 718 748 905 935 1070 1105 1195 1225 1339 1369 1472 1502 1606 1636 1800 1830 1980 2010 2150 2185 2287 2332 2437 2467 
Train: 8
3504 3474 3279 3249 3144 3114 2957 2875 2740 2005 1915 1598 1487 1457 1356 1326 1223 1193 1031 1001 851 821 680 645 545 500 390 360 
Train: 9
480 510 700 730 838 868 1025 1055 1190 1225 1315 1345 1459 1489 1592 1622 1726 1756 1920 1950 2100 2130 2270 2305 2407 2452 2557 2587 
Train: 10
3826 3796 3601 3571 3466 3436 3279 3249 3114 3047 2957 2861 2750 1577 1476 1446 1343 1313 1151 1121 971 941 800 765 665 620 510 480 
Train: 11
600 630 820 850 958 988 1145 1175 1310 1345 1435 1465 1579 1609 1712 1742 1846 1876 2040 2070 2220 2250 2390 2425 2527 2572 2677 2707 
Train: 12
3983 3953 3758 3728 3623 3593 3436 3374 3239 3204 3114 3068 2957 2851 2750 1566 1463 1433 1271 1241 1091 1061 920 885 785 740 630 600 
Train: 13
720 750 940 970 1078 1108 1265 1295 1430 1465 1555 1585 1699 1729 1832 1862 1966 1996 2160 2190 2340 2370 2510 2545 2647 2692 2797 2827 
Train: 14
4148 4118 3923 3893 3788 3758 3601 3571 3436 3345 3255 3225 3114 3058 2957 2853 2750 1553 1391 1361 1211 1181 1040 1005 905 860 750 720 
Train: 15
840 870 1060 1090 1198 1228 1385 1415 1550 1585 1675 1705 1819 1849 1952 1982 2086 2116 2280 2310 2460 2490 2630 2665 2767 2812 2917 2947 
Train: 16
4305 4275 4080 4050 3945 3915 3758 3728 3593 3526 3436 3356 3245 3215 3114 3060 2957 2912 2750 1481 1331 1301 1160 1125 1025 980 870 840 
Train: 17
960 990 1180 1210 1318 1348 1505 1535 1670 1705 1795 1825 1939 1969 2072 2102 2206 2236 2400 2430 2580 2610 2750 2785 2887 2932 3037 3067 
Train: 18
4305 4275 4080 4050 3945 3915 3758 3728 3593 3526 3436 3356 3245 3215 3114 3060 2957 2912 2750 1601 1451 1421 1280 1245 1145 1100 990 960 
Train: 19
1080 1110 1300 1330 1438 1468 1625 1655 1790 1825 1915 1945 2059 2089 2192 2222 2326 2356 2520 2550 2700 2730 2870 2905 3007 3052 3157 3187 
Train: 20
4627 4597 4402 4372 4267 4237 4080 4050 3915 3848 3758 3704 3593 3563 3462 3432 3329 3299 3137 3107 2957 1541 1400 1365 1265 1220 1110 1080 
Train: 21
1200 1230 1420 1450 1558 1588 1745 1775 1910 1945 2035 2065 2179 2209 2312 2342 2446 2476 2640 2670 2820 2850 2990 3025 3127 3172 3277 3307 
Train: 22
4784 4754 4559 4529 4424 4394 4237 4175 4040 4005 3915 3875 3764 3734 3633 3603 3500 3470 3308 3278 3128 3098 2957 1485 1385 1340 1230 1200 
Train: 23
1320 1350 1540 2280 2388 2418 2575 2605 2740 2775 2865 2895 3009 3039 3142 3172 3276 3306 3470 3500 3650 3680 3820 3855 3957 4002 4107 4137 
Train: 24
4949 4919 4724 4694 4589 4559 4402 4372 4237 4152 4062 4032 3921 3891 3790 3760 3657 3627 3465 3435 3285 3255 3114 3057 2957 1460 1350 1320 
Train: 25
1440 1470 1660 2280 2388 2418 2575 2605 2740 2775 2865 2895 3009 3039 3142 3172 3276 3306 3470 3500 3650 3680 3820 3855 3957 4002 4107 4137 
Train: 26
4949 4919 4724 4694 4589 4559 4402 4372 4237 4152 4062 4032 3921 3891 3790 3760 3657 3627 3465 3435 3285 3255 3114 3057 2957 1580 1470 1440 
Train: 27
1560 2287 2477 2800 2908 2938 3095 3125 3260 3295 3385 3415 3529 3559 3662 3692 3796 3826 3990 4020 4170 4200 4340 4375 4477 4522 4627 4657 
Train: 28
5271 5241 5046 5016 4911 4881 4724 4694 4559 4484 4394 4354 4243 4213 4112 4082 3979 3949 3787 3757 3607 3577 3436 3369 3269 3224 3114 1560 
Train: 29
1680 2800 2990 3020 3128 3158 3315 3345 3480 3515 3605 3635 3749 3779 3882 3912 4016 4046 4210 4240 4390 4420 4560 4595 4697 4742 4847 4877 
Train: 30
5428 5398 5203 5173 5068 5038 4881 4819 4684 4649 4559 4511 4400 4370 4269 4239 4136 4106 3944 3914 3764 3734 3593 3536 3436 3349 3239 1680 
Train: 31
1800 2932 3122 3152 3260 3290 3447 3477 3612 3647 3737 3767 3881 3911 4014 4044 4148 4178 4342 4372 4522 4552 4692 4727 4829 4874 4979 5009 
Train: 32
5593 5563 5368 5338 5233 5203 5046 5016 4881 4796 4706 4676 4565 4535 4434 4404 4301 4271 4109 4079 3929 3899 3758 3693 3593 3546 3436 1800 
Train: 33
1920 3052 3242 3272 3380 3410 3567 3597 3732 3767 3857 3887 4001 4031 4134 4164 4268 4298 4462 4492 4642 4672 4812 4847 4949 4994 5099 5129 
Train: 34
5750 5720 5525 5495 5390 5360 5203 5173 5038 4971 4881 4833 4722 4692 4591 4561 4458 4428 4266 4236 4086 4056 3915 3858 3758 3703 3593 1920 
Train: 35
2040 3172 3362 3392 3500 3530 3687 3717 3852 3887 3977 4007 4121 4151 4254 4284 4388 4418 4582 4612 4762 4792 4932 4967 5069 5114 5219 5249 
Train: 36
5915 5885 5690 5660 5555 5525 5368 5338 5203 5128 5038 4992 4881 4843 4742 4712 4609 4579 4417 4387 4237 4191 4050 4015 3915 3868 3758 2040 
Train: 37
2160 3295 3485 3515 3623 3653 3810 3840 3975 4010 4100 4130 4244 4274 4377 4407 4511 4541 4705 4735 4885 4915 5055 5090 5192 5237 5342 5372 
Train: 38
6072 6042 5847 5817 5712 5682 5525 5495 5360 5293 5203 5155 5044 5014 4913 4883 4780 4750 4588 4558 4408 4378 4237 4170 4070 4025 3915 2160 
Train: 39
2280 3415 3605 3635 3743 3773 3930 3960 4095 4130 4220 4250 4364 4394 4497 4527 4631 4661 4825 4855 5005 5035 5175 5210 5312 5357 5462 5492 
Train: 40
6237 6207 6012 5982 5877 5847 5690 5660 5525 5450 5360 5314 5203 5171 5070 5040 4937 4907 4745 4715 4565 4535 4394 4337 4237 4150 4040 2280 

Delay time of train 1 is: 0 Seconds;
Delay time of train 2 is: 1242 Seconds;
Delay time of train 3 is: 0 Seconds;
Delay time of train 4 is: 417 Seconds;
Delay time of train 5 is: 0 Seconds;
Delay time of train 6 is: 1159 Seconds;
Delay time of train 7 is: 0 Seconds;
Delay time of train 8 is: 1039 Seconds;
Delay time of train 9 is: 0 Seconds;
Delay time of train 10 is: 1241 Seconds;
Delay time of train 11 is: 0 Seconds;
Delay time of train 12 is: 1278 Seconds;
Delay time of train 13 is: 0 Seconds;
Delay time of train 14 is: 1323 Seconds;
Delay time of train 15 is: 0 Seconds;
Delay time of train 16 is: 1360 Seconds;
Delay time of train 17 is: 0 Seconds;
Delay time of train 18 is: 1240 Seconds;
Delay time of train 19 is: 0 Seconds;
Delay time of train 20 is: 1442 Seconds;
Delay time of train 21 is: 0 Seconds;
Delay time of train 22 is: 1479 Seconds;
Delay time of train 23 is: 710 Seconds;
Delay time of train 24 is: 1524 Seconds;
Delay time of train 25 is: 590 Seconds;
Delay time of train 26 is: 1404 Seconds;
Delay time of train 27 is: 990 Seconds;
Delay time of train 28 is: 1606 Seconds;
Delay time of train 29 is: 1090 Seconds;
Delay time of train 30 is: 1643 Seconds;
Delay time of train 31 is: 1102 Seconds;
Delay time of train 32 is: 1688 Seconds;
Delay time of train 33 is: 1102 Seconds;
Delay time of train 34 is: 1725 Seconds;
Delay time of train 35 is: 1102 Seconds;
Delay time of train 36 is: 1770 Seconds;
Delay time of train 37 is: 1105 Seconds;
Delay time of train 38 is: 1807 Seconds;
Delay time of train 39 is: 1105 Seconds;
Delay time of train 40 is: 1852 Seconds;

The sum delay time is: 37135 Seconds, i.e., 618 min or 10.31528 hours.
受影响的列车有： 29 辆列车，其中最大延迟时间是： 1852 Seconds, 为如下列车：
Train: 40, 
原始的线路清空时间: 4387 Seconds, i.e., 73 min or 1.218611 hours.
调整图的线路清空时间: 6237 Seconds, i.e., 103 min or 1.7325 hours.
线路清空时间延迟: 1850 Seconds, i.e., 30 min or 0.5138889 hours.
CPU time is 11 milliseconds, i.e., 0 seconds
