事故开始时间： 1500, 事故结束时间：2800， Headway 为： 160.
Train: 1
0 30 220 250 358 388 545 575 710 745 835 865 979 1009 1112 1142 1246 1276 1440 1470 1620 1650 1790 1825 1927 1972 2077 2107 
Train: 2
3347 3317 3122 3092 2987 2957 2800 1538 1393 1358 1268 1238 1127 1097 996 966 863 833 671 641 491 461 320 285 185 140 30 0 
Train: 3
160 190 380 410 518 548 705 735 870 905 995 1025 1139 1169 1272 1302 1406 1436 1600 1630 1780 1810 1950 1985 2087 2132 2237 2267 
Train: 4
2722 2692 2497 2467 2352 2322 2165 2135 1990 1518 1428 1398 1287 1257 1156 1126 1023 993 831 801 651 621 480 445 345 300 190 160 
Train: 5
320 350 540 570 678 708 865 895 1030 1065 1155 1185 1299 1329 1432 1462 1566 1596 1760 1790 1940 1970 2110 2145 2247 2292 2397 2427 
Train: 6
3512 3482 3287 3257 3152 3122 2965 2935 2800 2115 2025 1558 1447 1417 1316 1286 1183 1153 991 961 811 781 640 605 505 460 350 320 
Train: 7
480 510 700 730 838 868 1025 1055 1190 1225 1315 1345 1459 1489 1592 1622 1726 1756 1920 1950 2100 2130 2270 2305 2407 2452 2557 2587 
Train: 8
3669 3639 3444 3414 3309 3279 3122 3092 2957 2890 2800 2136 2025 1577 1476 1446 1343 1313 1151 1121 971 941 800 765 665 620 510 480 
Train: 9
640 670 860 890 998 1028 1185 1215 1350 1385 1475 1505 1619 1649 1752 1782 1886 1916 2080 2110 2260 2290 2430 2465 2567 2612 2717 2747 
Train: 10
3834 3804 3609 3579 3474 3444 3287 3257 3122 3047 2957 2911 2800 2126 2025 1641 1538 1473 1311 1281 1131 1101 960 925 825 780 670 640 
Train: 11
800 830 1020 1050 1158 1188 1345 1375 1510 1545 1635 1665 1779 1809 1912 1942 2046 2076 2240 2270 2420 2450 2590 2625 2727 2772 2877 2907 
Train: 12
3991 3961 3766 3736 3631 3601 3444 3414 3279 3212 3122 3068 2957 2901 2800 2128 2025 1633 1471 1441 1291 1261 1120 1085 985 940 830 800 
Train: 13
960 990 1180 1210 1318 1348 1505 1535 1670 1705 1795 1825 1939 1969 2072 2102 2206 2236 2400 2430 2580 2610 2750 2785 2887 2932 3037 3067 
Train: 14
4156 4126 3931 3901 3796 3766 3609 3579 3444 3369 3279 3233 3122 3058 2957 2903 2800 2187 2025 1601 1451 1421 1280 1245 1145 1100 990 960 
Train: 15
1120 1150 1340 1370 1478 1508 1665 1695 1830 1865 1955 1985 2099 2129 2232 2262 2366 2396 2560 2590 2740 2770 2910 2945 3047 3092 3197 3227 
Train: 16
4313 4283 4088 4058 3953 3923 3766 3736 3601 3534 3444 3390 3279 3226 3125 3095 2992 2962 2800 2175 2025 1581 1440 1405 1305 1260 1150 1120 
Train: 17
1280 1310 1500 1530 1638 1668 1825 1855 1990 2025 2115 2145 2259 2289 2392 2422 2526 2556 2720 2750 2900 2930 3070 3105 3207 3252 3357 3387 
Train: 18
4478 4448 4253 4223 4118 4088 3931 3901 3766 3691 3601 3555 3444 3406 3305 3275 3172 3142 2980 2950 2800 2166 2025 1565 1465 1420 1310 1280 
Train: 19
1440 1470 1660 2366 2474 2504 2661 2691 2826 2861 2951 2981 3095 3125 3228 3258 3362 3392 3556 3586 3736 3766 3906 3941 4043 4088 4193 4223 
Train: 20
4635 4605 4410 4380 4275 4245 4088 4058 3923 3856 3766 3718 3607 3577 3476 3446 3343 3313 3151 3121 2971 2941 2800 2125 2025 1580 1470 1440 
Train: 21
1600 2366 2556 2800 2908 2938 3095 3125 3260 3295 3385 3415 3529 3559 3662 3692 3796 3826 3990 4020 4170 4200 4340 4375 4477 4522 4627 4657 
Train: 22
4800 4770 4575 4545 4440 4410 4253 4223 4088 4013 3923 3877 3766 3734 3633 3603 3500 3470 3308 3278 3128 3098 2957 2900 2800 2135 2025 1600 
Train: 23
1760 2800 2990 3020 3128 3158 3315 3345 3480 3515 3605 3635 3749 3779 3882 3912 4016 4046 4210 4240 4390 4420 4560 4595 4697 4742 4847 4877 
Train: 24
4957 4927 4732 4702 4597 4567 4410 4380 4245 4178 4088 4040 3929 3899 3798 3768 3665 3635 3473 3443 3293 3263 3122 3057 2957 2910 2800 1760 
Train: 25
1920 2962 3152 3182 3290 3320 3477 3507 3642 3677 3767 3797 3911 3941 4044 4074 4178 4208 4372 4402 4552 4582 4722 4757 4859 4904 5009 5039 
Train: 26
5122 5092 4897 4867 4762 4732 4575 4545 4410 4335 4245 4199 4088 4056 3955 3925 3822 3792 3630 3600 3450 3420 3279 3222 3122 3072 2962 1920 
Train: 27
2080 3122 3312 3342 3450 3480 3637 3667 3802 3837 3927 3957 4071 4101 4204 4234 4338 4368 4532 4562 4712 4742 4882 4917 5019 5064 5169 5199 
Train: 28
5279 5249 5054 5024 4919 4889 4732 4702 4567 4500 4410 4362 4251 4221 4120 4090 3987 3957 3795 3765 3615 3585 3444 3379 3279 3232 3122 2080 
Train: 29
2240 3287 3477 3507 3615 3645 3802 3832 3967 4002 4092 4122 4236 4266 4369 4399 4503 4533 4697 4727 4877 4907 5047 5082 5184 5229 5334 5364 
Train: 30
5444 5414 5219 5189 5084 5054 4897 4867 4732 4657 4567 4521 4410 4378 4277 4247 4144 4114 3952 3922 3772 3742 3601 3544 3444 3397 3287 2240 
Train: 31
2400 3450 3640 3670 3778 3808 3965 3995 4130 4165 4255 4285 4399 4429 4532 4562 4666 4696 4860 4890 5040 5070 5210 5245 5347 5392 5497 5527 
Train: 32
5601 5571 5376 5346 5241 5211 5054 5024 4889 4822 4732 4684 4573 4543 4442 4412 4309 4279 4117 4087 3937 3907 3766 3705 3605 3560 3450 2400 
Train: 33
2560 3615 3805 3835 3943 3973 4130 4160 4295 4330 4420 4450 4564 4594 4697 4727 4831 4861 5025 5055 5205 5235 5375 5410 5512 5557 5662 5692 
Train: 34
5766 5736 5541 5511 5406 5376 5219 5189 5054 4979 4889 4843 4732 4700 4599 4569 4466 4436 4274 4244 4094 4064 3923 3870 3770 3725 3615 2560 
Train: 35
2720 3778 3968 3998 4106 4136 4293 4323 4458 4493 4583 4613 4727 4757 4860 4890 4994 5024 5188 5218 5368 5398 5538 5573 5675 5720 5825 5855 
Train: 36
5923 5893 5698 5668 5563 5533 5376 5346 5211 5144 5054 5006 4895 4865 4764 4734 4631 4601 4439 4409 4259 4229 4088 4033 3933 3888 3778 2720 
Train: 37
2880 3941 4131 4161 4269 4299 4456 4486 4621 4656 4746 4776 4890 4920 5023 5053 5157 5187 5351 5381 5531 5561 5701 5736 5838 5883 5988 6018 
Train: 38
6088 6058 5863 5833 5728 5698 5541 5511 5376 5301 5211 5165 5054 5022 4921 4891 4788 4758 4596 4566 4416 4386 4245 4196 4096 4051 3941 2880 
Train: 39
3040 4101 4291 4321 4429 4459 4616 4646 4781 4816 4906 4936 5050 5080 5183 5213 5317 5347 5511 5541 5691 5721 5861 5896 5998 6043 6148 6178 
Train: 40
6245 6215 6020 5990 5885 5855 5698 5668 5533 5466 5376 5328 5217 5187 5086 5056 4953 4923 4761 4731 4581 4551 4410 4356 4256 4211 4101 3040 

Delay time of train 1 is: 0 Seconds;
Delay time of train 2 is: 1242 Seconds;
Delay time of train 3 is: 0 Seconds;
Delay time of train 4 is: 457 Seconds;
Delay time of train 5 is: 0 Seconds;
Delay time of train 6 is: 1087 Seconds;
Delay time of train 7 is: 0 Seconds;
Delay time of train 8 is: 1084 Seconds;
Delay time of train 9 is: 0 Seconds;
Delay time of train 10 is: 1089 Seconds;
Delay time of train 11 is: 0 Seconds;
Delay time of train 12 is: 1086 Seconds;
Delay time of train 13 is: 0 Seconds;
Delay time of train 14 is: 1091 Seconds;
Delay time of train 15 is: 0 Seconds;
Delay time of train 16 is: 1088 Seconds;
Delay time of train 17 is: 0 Seconds;
Delay time of train 18 is: 1093 Seconds;
Delay time of train 19 is: 676 Seconds;
Delay time of train 20 is: 1090 Seconds;
Delay time of train 21 is: 950 Seconds;
Delay time of train 22 is: 1095 Seconds;
Delay time of train 23 is: 1010 Seconds;
Delay time of train 24 is: 1092 Seconds;
Delay time of train 25 is: 1012 Seconds;
Delay time of train 26 is: 1097 Seconds;
Delay time of train 27 is: 1012 Seconds;
Delay time of train 28 is: 1094 Seconds;
Delay time of train 29 is: 1017 Seconds;
Delay time of train 30 is: 1099 Seconds;
Delay time of train 31 is: 1020 Seconds;
Delay time of train 32 is: 1096 Seconds;
Delay time of train 33 is: 1025 Seconds;
Delay time of train 34 is: 1101 Seconds;
Delay time of train 35 is: 1028 Seconds;
Delay time of train 36 is: 1098 Seconds;
Delay time of train 37 is: 1031 Seconds;
Delay time of train 38 is: 1103 Seconds;
Delay time of train 39 is: 1031 Seconds;
Delay time of train 40 is: 1100 Seconds;

The sum delay time is: 32194 Seconds, i.e., 536 min or 8.942778 hours.
受影响的列车有： 31 辆列车，其中最大延迟时间是： 1242 Seconds, 为如下列车：
Train: 2, 
原始的线路清空时间: 5147 Seconds, i.e., 85 min or 1.429722 hours.
调整图的线路清空时间: 6245 Seconds, i.e., 104 min or 1.734722 hours.
线路清空时间延迟: 1098 Seconds, i.e., 18 min or 0.305 hours.
CPU time is 14 milliseconds, i.e., 0 seconds
