事故开始时间： 1500, 事故结束时间：2800， Headway 为： 200.
Train: 1
0 30 220 250 358 388 545 575 710 745 835 865 979 1009 1112 1142 1246 1276 1440 1470 1620 1650 1790 1825 1927 1972 2077 2107 
Train: 2
3347 3317 3122 3092 2987 2957 2800 1538 1393 1358 1268 1238 1127 1097 996 966 863 833 671 641 491 461 320 285 185 140 30 0 
Train: 3
200 230 420 450 558 588 745 775 910 945 1035 1065 1179 1209 1312 1342 1446 1476 1640 1670 1820 1850 1990 2025 2127 2172 2277 2307 
Train: 4
2642 2612 2417 2387 2272 2242 2085 2055 1910 1558 1468 1438 1327 1297 1196 1166 1063 1033 871 841 691 661 520 485 385 340 230 200 
Train: 5
400 430 620 650 758 788 945 975 1110 1145 1235 1265 1379 1409 1512 1542 1646 1676 1840 1870 2020 2050 2190 2225 2327 2372 2477 2507 
Train: 6
3504 3474 3279 3249 3144 3114 2957 2871 2736 2002 1912 1649 1538 1497 1396 1366 1263 1233 1071 1041 891 861 720 685 585 540 430 400 
Train: 7
600 630 820 850 958 988 1145 1175 1310 1345 1435 1465 1579 1609 1712 1742 1846 1876 2040 2070 2220 2250 2390 2425 2527 2572 2677 2707 
Train: 8
3669 3639 3444 3414 3309 3279 3122 3092 2957 2861 2771 2023 1912 1697 1596 1566 1463 1433 1271 1241 1091 1061 920 885 785 740 630 600 
Train: 9
800 830 1020 1050 1158 1188 1345 1375 1510 1545 1635 1665 1779 1809 1912 1942 2046 2076 2240 2270 2420 2450 2590 2625 2727 2772 2877 2907 
Train: 10
3826 3796 3601 3571 3466 3436 3279 3249 3114 3047 2957 2882 2771 2013 1912 1766 1663 1633 1471 1441 1291 1261 1120 1085 985 940 830 800 
Train: 11
1000 1030 1220 1250 1358 1388 1545 1575 1710 1745 1835 1865 1979 2009 2112 2142 2246 2276 2440 2470 2620 2650 2790 2825 2927 2972 3077 3107 
Train: 12
3991 3961 3766 3736 3631 3601 3444 3414 3279 3204 3114 3068 2957 2872 2771 2015 1912 1833 1671 1641 1491 1461 1320 1285 1185 1140 1030 1000 
Train: 13
1200 1230 1420 1450 1558 1588 1745 1775 1910 1945 2035 2065 2179 2209 2312 2342 2446 2476 2640 2670 2820 2850 2990 3025 3127 3172 3277 3307 
Train: 14
4148 4118 3923 3893 3788 3758 3601 3571 3436 3369 3279 3225 3114 3058 2957 2874 2771 2074 1912 1841 1691 1661 1520 1485 1385 1340 1230 1200 
Train: 15
1400 1430 1620 2276 2384 2414 2571 2601 2736 2771 2861 2891 3005 3035 3138 3168 3272 3302 3466 3496 3646 3676 3816 3851 3953 3998 4103 4133 
Train: 16
4313 4283 4088 4058 3953 3923 3766 3736 3601 3526 3436 3390 3279 3215 3114 3066 2963 2933 2771 2062 1912 1861 1720 1685 1585 1540 1430 1400 
Train: 17
1600 2276 2466 2800 2908 2938 3095 3125 3260 3295 3385 3415 3529 3559 3662 3692 3796 3826 3990 4020 4170 4200 4340 4375 4477 4522 4627 4657 
Train: 18
4470 4440 4245 4215 4110 4080 3923 3893 3758 3691 3601 3547 3436 3383 3282 3252 3149 3119 2957 2921 2771 2061 1920 1885 1785 1740 1630 1600 
Train: 19
1800 2800 2990 3020 3128 3158 3315 3345 3480 3515 3605 3635 3749 3779 3882 3912 4016 4046 4210 4240 4390 4420 4560 4595 4697 4742 4847 4877 
Train: 20
4635 4605 4410 4380 4275 4245 4088 4058 3923 3848 3758 3712 3601 3563 3462 3432 3329 3299 3137 3107 2957 2912 2771 2085 1985 1940 1830 1800 
Train: 21
2000 3000 3190 3220 3328 3358 3515 3545 3680 3715 3805 3835 3949 3979 4082 4112 4216 4246 4410 4440 4590 4620 4760 4795 4897 4942 5047 5077 
Train: 22
4792 4762 4567 4537 4432 4402 4245 4215 4080 4013 3923 3875 3764 3734 3633 3603 3500 3470 3308 3278 3128 3098 2957 2871 2771 2140 2030 2000 
Train: 23
2200 3200 3390 3420 3528 3558 3715 3745 3880 3915 4005 4035 4149 4179 4282 4312 4416 4446 4610 4640 4790 4820 4960 4995 5097 5142 5247 5277 
Train: 24
4957 4927 4732 4702 4597 4567 4410 4380 4245 4170 4080 4034 3923 3891 3790 3760 3657 3627 3465 3435 3285 3255 3114 3057 2957 2881 2771 2200 
Train: 25
2400 3400 3590 3620 3728 3758 3915 3945 4080 4115 4205 4235 4349 4379 4482 4512 4616 4646 4810 4840 4990 5020 5160 5195 5297 5342 5447 5477 
Train: 26
5114 5084 4889 4859 4754 4724 4567 4537 4402 4335 4245 4197 4086 4056 3955 3925 3822 3792 3630 3600 3450 3420 3279 3227 3127 3082 2972 2400 
Train: 27
2600 3600 3790 3820 3928 3958 4115 4145 4280 4315 4405 4435 4549 4579 4682 4712 4816 4846 5010 5040 5190 5220 5360 5395 5497 5542 5647 5677 
Train: 28
5279 5249 5054 5024 4919 4889 4732 4702 4567 4500 4410 4380 4269 4239 4138 4108 4005 3975 3813 3783 3633 3603 3462 3427 3327 3282 3172 2600 
Train: 29
2800 3800 3990 4020 4128 4158 4315 4345 4480 4515 4605 4635 4749 4779 4882 4912 5016 5046 5210 5240 5390 5420 5560 5595 5697 5742 5847 5877 
Train: 30
5458 5428 5233 5203 5098 5068 4911 4881 4746 4711 4621 4591 4480 4450 4349 4319 4216 4186 4024 3994 3844 3814 3673 3638 3538 3493 3383 2800 
Train: 31
3000 4005 4195 4225 4333 4363 4520 4550 4685 4720 4810 4840 4954 4984 5087 5117 5221 5251 5415 5445 5595 5625 5765 5800 5902 5947 6052 6082 
Train: 32
5665 5635 5440 5410 5305 5275 5118 5088 4953 4918 4828 4798 4687 4657 4556 4526 4423 4393 4231 4201 4051 4021 3880 3845 3745 3700 3590 3000 
Train: 33
3200 4205 4395 4425 4533 4563 4720 4750 4885 4920 5010 5040 5154 5184 5287 5317 5421 5451 5615 5645 5795 5825 5965 6000 6102 6147 6252 6282 
Train: 34
5865 5835 5640 5610 5505 5475 5318 5288 5153 5118 5028 4998 4887 4857 4756 4726 4623 4593 4431 4401 4251 4221 4080 4045 3945 3900 3790 3200 
Train: 35
3400 4405 4595 4625 4733 4763 4920 4950 5085 5120 5210 5240 5354 5384 5487 5517 5621 5651 5815 5845 5995 6025 6165 6200 6302 6347 6452 6482 
Train: 36
6065 6035 5840 5810 5705 5675 5518 5488 5353 5318 5228 5198 5087 5057 4956 4926 4823 4793 4631 4601 4451 4421 4280 4245 4145 4100 3990 3400 
Train: 37
3600 4605 4795 4825 4933 4963 5120 5150 5285 5320 5410 5440 5554 5584 5687 5717 5821 5851 6015 6045 6195 6225 6365 6400 6502 6547 6652 6682 
Train: 38
6270 6240 6045 6015 5910 5880 5723 5693 5558 5523 5433 5403 5292 5262 5161 5131 5028 4998 4836 4806 4656 4626 4485 4450 4350 4305 4195 3600 
Train: 39
3800 4806 4996 5026 5134 5164 5321 5351 5486 5521 5611 5641 5755 5785 5888 5918 6022 6052 6216 6246 6396 6426 6566 6601 6703 6748 6853 6883 
Train: 40
6470 6440 6245 6215 6110 6080 5923 5893 5758 5723 5633 5603 5492 5462 5361 5331 5228 5198 5036 5006 4856 4826 4685 4650 4550 4505 4395 3800 

Delay time of train 1 is: 0 Seconds;
Delay time of train 2 is: 1242 Seconds;
Delay time of train 3 is: 0 Seconds;
Delay time of train 4 is: 337 Seconds;
Delay time of train 5 is: 0 Seconds;
Delay time of train 6 is: 999 Seconds;
Delay time of train 7 is: 0 Seconds;
Delay time of train 8 is: 964 Seconds;
Delay time of train 9 is: 0 Seconds;
Delay time of train 10 is: 921 Seconds;
Delay time of train 11 is: 0 Seconds;
Delay time of train 12 is: 886 Seconds;
Delay time of train 13 is: 0 Seconds;
Delay time of train 14 is: 843 Seconds;
Delay time of train 15 is: 626 Seconds;
Delay time of train 16 is: 808 Seconds;
Delay time of train 17 is: 950 Seconds;
Delay time of train 18 is: 765 Seconds;
Delay time of train 19 is: 970 Seconds;
Delay time of train 20 is: 730 Seconds;
Delay time of train 21 is: 970 Seconds;
Delay time of train 22 is: 687 Seconds;
Delay time of train 23 is: 970 Seconds;
Delay time of train 24 is: 652 Seconds;
Delay time of train 25 is: 970 Seconds;
Delay time of train 26 is: 609 Seconds;
Delay time of train 27 is: 970 Seconds;
Delay time of train 28 is: 574 Seconds;
Delay time of train 29 is: 970 Seconds;
Delay time of train 30 is: 553 Seconds;
Delay time of train 31 is: 975 Seconds;
Delay time of train 32 is: 560 Seconds;
Delay time of train 33 is: 975 Seconds;
Delay time of train 34 is: 560 Seconds;
Delay time of train 35 is: 975 Seconds;
Delay time of train 36 is: 560 Seconds;
Delay time of train 37 is: 975 Seconds;
Delay time of train 38 is: 565 Seconds;
Delay time of train 39 is: 976 Seconds;
Delay time of train 40 is: 565 Seconds;

The sum delay time is: 26652 Seconds, i.e., 444 min or 7.403333 hours.
受影响的列车有： 33 辆列车，其中最大延迟时间是： 1242 Seconds, 为如下列车：
Train: 2, 
原始的线路清空时间: 5907 Seconds, i.e., 98 min or 1.640833 hours.
调整图的线路清空时间: 6883 Seconds, i.e., 114 min or 1.911944 hours.
线路清空时间延迟: 976 Seconds, i.e., 16 min or 0.2711111 hours.
CPU time is 10 milliseconds, i.e., 0 seconds
