事故开始时间： 2000, 事故结束时间：4000， Headway 为： 160.
Train: 1
0 30 220 250 358 388 545 575 710 745 835 865 979 1009 1112 1142 1246 1276 1440 1470 1620 1650 1790 1825 1927 1972 2077 2107 
Train: 2
2105 2075 1880 1850 1745 1715 1558 1528 1393 1358 1268 1238 1127 1097 996 966 863 833 671 641 491 461 320 285 185 140 30 0 
Train: 3
160 190 380 410 518 548 705 735 870 905 995 1025 1139 1169 1272 1302 1406 1436 1600 1630 1780 1810 1950 1985 2087 2132 2237 2267 
Train: 4
2275 2245 2050 2020 1905 1875 1718 1688 1553 1518 1428 1398 1287 1257 1156 1126 1023 993 831 801 651 621 480 445 345 300 190 160 
Train: 5
320 350 540 570 678 708 865 895 1030 1065 1155 1185 1299 1329 1432 1462 1566 1596 1760 1790 1940 1970 2110 2145 2247 2292 2397 2427 
Train: 6
4360 4330 4135 4105 4000 2035 1878 1848 1713 1678 1588 1558 1447 1417 1316 1286 1183 1153 991 961 811 781 640 605 505 460 350 320 
Train: 7
480 510 700 730 838 868 1025 1055 1190 1225 1315 1345 1459 1489 1592 1622 1726 1756 1920 1950 2100 2130 2270 2305 2407 2452 2557 2587 
Train: 8
4547 4517 4322 4292 4187 4157 4000 2018 1873 1838 1748 1718 1607 1577 1476 1446 1343 1313 1151 1121 971 941 800 765 665 620 510 480 
Train: 9
640 670 860 890 998 1028 1185 1215 1350 1385 1475 1505 1619 1649 1752 1782 1886 1916 2080 2110 2260 2290 2430 2465 2567 2612 2717 2747 
Train: 10
3202 3172 2977 2947 2832 2802 2645 2615 2470 1998 1908 1878 1767 1737 1636 1606 1503 1473 1311 1281 1131 1101 960 925 825 780 670 640 
Train: 11
800 830 1020 1050 1158 1188 1345 1375 1510 1545 1635 1665 1779 1809 1912 1942 2046 2076 2240 2270 2420 2450 2590 2625 2727 2772 2877 2907 
Train: 12
4038 4008 3813 3783 3668 3638 3481 3451 3306 2595 2505 2038 1927 1897 1796 1766 1663 1633 1471 1441 1291 1261 1120 1085 985 940 830 800 
Train: 13
960 990 1180 1210 1318 1348 1505 1535 1670 1705 1795 1825 1939 1969 2072 2102 2206 2236 2400 2430 2580 2610 2750 2785 2887 2932 3037 3067 
Train: 14
4712 4682 4487 4457 4352 4322 4165 4135 4000 3431 3341 2616 2505 2057 1956 1926 1823 1793 1631 1601 1451 1421 1280 1245 1145 1100 990 960 
Train: 15
1120 1150 1340 1370 1478 1508 1665 1695 1830 1865 1955 1985 2099 2129 2232 2262 2366 2396 2560 2590 2740 2770 2910 2945 3047 3092 3197 3227 
Train: 16
4869 4839 4644 4614 4509 4479 4322 4292 4157 4090 4000 3452 3341 2606 2505 2086 1983 1953 1791 1761 1611 1581 1440 1405 1305 1260 1150 1120 
Train: 17
1280 1310 1500 1530 1638 1668 1825 1855 1990 2025 2115 2145 2259 2289 2392 2422 2526 2556 2720 2750 2900 2930 3070 3105 3207 3252 3357 3387 
Train: 18
5034 5004 4809 4779 4674 4644 4487 4457 4322 4247 4157 4111 4000 3442 3341 2608 2505 2113 1951 1921 1771 1741 1600 1565 1465 1420 1310 1280 
Train: 19
1440 1470 1660 1690 1798 1828 1985 2015 2150 2185 2275 2305 2419 2449 2552 2582 2686 2716 2880 2910 3060 3090 3230 3265 3367 3412 3517 3547 
Train: 20
5191 5161 4966 4936 4831 4801 4644 4614 4479 4412 4322 4268 4157 4101 4000 3444 3341 2667 2505 2081 1931 1901 1760 1725 1625 1580 1470 1440 
Train: 21
1600 1630 1820 1850 1958 1988 2145 2175 2310 2345 2435 2465 2579 2609 2712 2742 2846 2876 3040 3070 3220 3250 3390 3425 3527 3572 3677 3707 
Train: 22
5356 5326 5131 5101 4996 4966 4809 4779 4644 4569 4479 4433 4322 4258 4157 4103 4000 3503 3341 2655 2505 2061 1920 1885 1785 1740 1630 1600 
Train: 23
1760 1790 1980 2010 2118 2148 2305 2335 2470 2505 2595 2625 2739 2769 2872 2902 3006 3036 3200 3230 3380 3410 3550 3585 3687 3732 3837 3867 
Train: 24
5513 5483 5288 5258 5153 5123 4966 4936 4801 4734 4644 4590 4479 4426 4325 4295 4192 4162 4000 3491 3341 2646 2505 2045 1945 1900 1790 1760 
Train: 25
1920 1950 2140 2846 2954 2984 3141 3171 3306 3341 3431 3461 3575 3605 3708 3738 3842 3872 4036 4066 4216 4246 4386 4421 4523 4568 4673 4703 
Train: 26
5678 5648 5453 5423 5318 5288 5131 5101 4966 4891 4801 4755 4644 4606 4505 4475 4372 4342 4180 4150 4000 3482 3341 2605 2505 2060 1950 1920 
Train: 27
2080 2846 3036 3677 3785 3815 3972 4002 4137 4172 4262 4292 4406 4436 4539 4569 4673 4703 4867 4897 5047 5077 5217 5252 5354 5399 5504 5534 
Train: 28
5835 5805 5610 5580 5475 5445 5288 5258 5123 5056 4966 4918 4807 4777 4676 4646 4543 4513 4351 4321 4171 4141 4000 3441 3341 2615 2505 2080 
Train: 29
2240 3677 3867 4000 4108 4138 4295 4325 4460 4495 4585 4615 4729 4759 4862 4892 4996 5026 5190 5220 5370 5400 5540 5575 5677 5722 5827 5857 
Train: 30
6000 5970 5775 5745 5640 5610 5453 5423 5288 5213 5123 5077 4966 4934 4833 4803 4700 4670 4508 4478 4328 4298 4157 4100 4000 3451 3341 2240 
Train: 31
2400 4000 4190 4220 4328 4358 4515 4545 4680 4715 4805 4835 4949 4979 5082 5112 5216 5246 5410 5440 5590 5620 5760 5795 5897 5942 6047 6077 
Train: 32
6157 6127 5932 5902 5797 5767 5610 5580 5445 5378 5288 5240 5129 5099 4998 4968 4865 4835 4673 4643 4493 4463 4322 4257 4157 4110 4000 2400 
Train: 33
2560 4162 4352 4382 4490 4520 4677 4707 4842 4877 4967 4997 5111 5141 5244 5274 5378 5408 5572 5602 5752 5782 5922 5957 6059 6104 6209 6239 
Train: 34
6322 6292 6097 6067 5962 5932 5775 5745 5610 5535 5445 5399 5288 5256 5155 5125 5022 4992 4830 4800 4650 4620 4479 4422 4322 4272 4162 2560 
Train: 35
2720 4322 4512 4542 4650 4680 4837 4867 5002 5037 5127 5157 5271 5301 5404 5434 5538 5568 5732 5762 5912 5942 6082 6117 6219 6264 6369 6399 
Train: 36
6479 6449 6254 6224 6119 6089 5932 5902 5767 5700 5610 5562 5451 5421 5320 5290 5187 5157 4995 4965 4815 4785 4644 4579 4479 4432 4322 2720 
Train: 37
2880 4487 4677 4707 4815 4845 5002 5032 5167 5202 5292 5322 5436 5466 5569 5599 5703 5733 5897 5927 6077 6107 6247 6282 6384 6429 6534 6564 
Train: 38
6644 6614 6419 6389 6284 6254 6097 6067 5932 5857 5767 5721 5610 5578 5477 5447 5344 5314 5152 5122 4972 4942 4801 4744 4644 4597 4487 2880 
Train: 39
3040 4650 4840 4870 4978 5008 5165 5195 5330 5365 5455 5485 5599 5629 5732 5762 5866 5896 6060 6090 6240 6270 6410 6445 6547 6592 6697 6727 
Train: 40
6801 6771 6576 6546 6441 6411 6254 6224 6089 6022 5932 5884 5773 5743 5642 5612 5509 5479 5317 5287 5137 5107 4966 4905 4805 4760 4650 3040 

Delay time of train 1 is: 0 Seconds;
Delay time of train 2 is: 0 Seconds;
Delay time of train 3 is: 0 Seconds;
Delay time of train 4 is: 10 Seconds;
Delay time of train 5 is: 0 Seconds;
Delay time of train 6 is: 1935 Seconds;
Delay time of train 7 is: 0 Seconds;
Delay time of train 8 is: 1962 Seconds;
Delay time of train 9 is: 0 Seconds;
Delay time of train 10 is: 457 Seconds;
Delay time of train 11 is: 0 Seconds;
Delay time of train 12 is: 1133 Seconds;
Delay time of train 13 is: 0 Seconds;
Delay time of train 14 is: 1647 Seconds;
Delay time of train 15 is: 0 Seconds;
Delay time of train 16 is: 1644 Seconds;
Delay time of train 17 is: 0 Seconds;
Delay time of train 18 is: 1649 Seconds;
Delay time of train 19 is: 0 Seconds;
Delay time of train 20 is: 1646 Seconds;
Delay time of train 21 is: 0 Seconds;
Delay time of train 22 is: 1651 Seconds;
Delay time of train 23 is: 0 Seconds;
Delay time of train 24 is: 1648 Seconds;
Delay time of train 25 is: 676 Seconds;
Delay time of train 26 is: 1653 Seconds;
Delay time of train 27 is: 1347 Seconds;
Delay time of train 28 is: 1650 Seconds;
Delay time of train 29 is: 1510 Seconds;
Delay time of train 30 is: 1655 Seconds;
Delay time of train 31 is: 1570 Seconds;
Delay time of train 32 is: 1652 Seconds;
Delay time of train 33 is: 1572 Seconds;
Delay time of train 34 is: 1657 Seconds;
Delay time of train 35 is: 1572 Seconds;
Delay time of train 36 is: 1654 Seconds;
Delay time of train 37 is: 1577 Seconds;
Delay time of train 38 is: 1659 Seconds;
Delay time of train 39 is: 1580 Seconds;
Delay time of train 40 is: 1656 Seconds;

The sum delay time is: 40022 Seconds, i.e., 667 min or 11.11722 hours.
受影响的列车有： 27 辆列车，其中最大延迟时间是： 1962 Seconds, 为如下列车：
Train: 8, 
原始的线路清空时间: 5147 Seconds, i.e., 85 min or 1.429722 hours.
调整图的线路清空时间: 6801 Seconds, i.e., 113 min or 1.889167 hours.
线路清空时间延迟: 1654 Seconds, i.e., 27 min or 0.4594444 hours.
CPU time is 8 milliseconds, i.e., 0 seconds
