事故开始时间： 2000, 事故结束时间：4000， Headway 为： 120.
Train: 1
0 30 220 250 358 388 545 575 710 745 835 865 979 1009 1112 1142 1246 1276 1440 1470 1620 1650 1790 1825 1927 1972 2077 2107 
Train: 2
2105 2075 1880 1850 1745 1715 1558 1528 1393 1358 1268 1238 1127 1097 996 966 863 833 671 641 491 461 320 285 185 140 30 0 
Train: 3
120 150 340 370 478 508 665 695 830 865 955 985 1099 1129 1232 1262 1366 1396 1560 1590 1740 1770 1910 1945 2047 2092 2197 2227 
Train: 4
2225 2195 2000 1970 1865 1835 1678 1648 1513 1478 1388 1358 1247 1217 1116 1086 983 953 791 761 611 581 440 405 305 260 150 120 
Train: 5
240 270 460 490 598 628 785 815 950 985 1075 1105 1219 1249 1352 1382 1486 1516 1680 1710 1860 1890 2030 2065 2167 2212 2317 2347 
Train: 6
2355 2325 2130 2100 1985 1955 1798 1768 1633 1598 1508 1478 1367 1337 1236 1206 1103 1073 911 881 731 701 560 525 425 380 270 240 
Train: 7
360 390 580 610 718 748 905 935 1070 1105 1195 1225 1339 1369 1472 1502 1606 1636 1800 1830 1980 2010 2150 2185 2287 2332 2437 2467 
Train: 8
4360 4330 4135 4105 4000 2075 1918 1888 1753 1718 1628 1598 1487 1457 1356 1326 1223 1193 1031 1001 851 821 680 645 545 500 390 360 
Train: 9
480 510 700 730 838 868 1025 1055 1190 1225 1315 1345 1459 1489 1592 1622 1726 1756 1920 1950 2100 2130 2270 2305 2407 2452 2557 2587 
Train: 10
4547 4517 4322 4292 4187 4157 4000 2018 1873 1838 1748 1718 1607 1577 1476 1446 1343 1313 1151 1121 971 941 800 765 665 620 510 480 
Train: 11
600 630 820 850 958 988 1145 1175 1310 1345 1435 1465 1579 1609 1712 1742 1846 1876 2040 2070 2220 2250 2390 2425 2527 2572 2677 2707 
Train: 12
4547 4517 4322 4292 4187 4157 4000 2138 1993 1958 1868 1838 1727 1697 1596 1566 1463 1433 1271 1241 1091 1061 920 885 785 740 630 600 
Train: 13
720 750 940 970 1078 1108 1265 1295 1430 1465 1555 1585 1699 1729 1832 1862 1966 1996 2160 2190 2340 2370 2510 2545 2647 2692 2797 2827 
Train: 14
3242 3212 3017 2987 2872 2842 2685 2655 2510 2078 1988 1958 1847 1817 1716 1686 1583 1553 1391 1361 1211 1181 1040 1005 905 860 750 720 
Train: 15
840 870 1060 1090 1198 1228 1385 1415 1550 1585 1675 1705 1819 1849 1952 1982 2086 2116 2280 2310 2460 2490 2630 2665 2767 2812 2917 2947 
Train: 16
4072 4042 3847 3817 3702 3672 3515 3485 3340 2605 2515 2078 1967 1937 1836 1806 1703 1673 1511 1481 1331 1301 1160 1125 1025 980 870 840 
Train: 17
960 990 1180 1210 1318 1348 1505 1535 1670 1705 1795 1825 1939 1969 2072 2102 2206 2236 2400 2430 2580 2610 2750 2785 2887 2932 3037 3067 
Train: 18
4869 4839 4644 4614 4509 4479 4322 4292 4157 3440 3350 2626 2515 2057 1956 1926 1823 1793 1631 1601 1451 1421 1280 1245 1145 1100 990 960 
Train: 19
1080 1110 1300 1330 1438 1468 1625 1655 1790 1825 1915 1945 2059 2089 2192 2222 2326 2356 2520 2550 2700 2730 2870 2905 3007 3052 3157 3187 
Train: 20
5026 4996 4801 4771 4666 4636 4479 4417 4282 4247 4157 3461 3350 2616 2515 2046 1943 1913 1751 1721 1571 1541 1400 1365 1265 1220 1110 1080 
Train: 21
1200 1230 1420 1450 1558 1588 1745 1775 1910 1945 2035 2065 2179 2209 2312 2342 2446 2476 2640 2670 2820 2850 2990 3025 3127 3172 3277 3307 
Train: 22
5191 5161 4966 4936 4831 4801 4644 4614 4479 4388 4298 4268 4157 3451 3350 2618 2515 2033 1871 1841 1691 1661 1520 1485 1385 1340 1230 1200 
Train: 23
1320 1350 1540 1570 1678 1708 1865 1895 2030 2065 2155 2185 2299 2329 2432 2462 2566 2596 2760 2790 2940 2970 3110 3145 3247 3292 3397 3427 
Train: 24
5191 5161 4966 4936 4831 4801 4644 4614 4479 4388 4298 4268 4157 3451 3350 2618 2515 2153 1991 1961 1811 1781 1640 1605 1505 1460 1350 1320 
Train: 25
1440 1470 1660 1690 1798 1828 1985 2015 2150 2185 2275 2305 2419 2449 2552 2582 2686 2716 2880 2910 3060 3090 3230 3265 3367 3412 3517 3547 
Train: 26
5513 5483 5288 5258 5153 5123 4966 4936 4801 4726 4636 4590 4479 4391 4290 4260 4157 3512 3350 2081 1931 1901 1760 1725 1625 1580 1470 1440 
Train: 27
1560 1590 1780 1810 1918 1948 2105 2135 2270 2305 2395 2425 2539 2569 2672 2702 2806 2836 3000 3030 3180 3210 3350 3385 3487 3532 3637 3667 
Train: 28
5670 5640 5445 5415 5310 5280 5123 5061 4926 4891 4801 4747 4636 4583 4482 4452 4349 4319 4157 3500 3350 2021 1880 1845 1745 1700 1590 1560 
Train: 29
1680 1710 1900 1930 2038 2068 2225 2255 2390 2425 2515 2545 2659 2689 2792 2822 2926 2956 3120 3150 3300 3330 3470 3505 3607 3652 3757 3787 
Train: 30
5835 5805 5610 5580 5475 5445 5288 5258 5123 5032 4942 4912 4801 4763 4662 4632 4529 4499 4337 4307 4157 3491 3350 1965 1865 1820 1710 1680 
Train: 31
1800 1830 2020 2050 2158 2188 2345 2375 2510 2545 2635 2665 2779 2809 2912 2942 3046 3076 3240 3270 3420 3450 3590 3625 3727 3772 3877 3907 
Train: 32
5835 5805 5610 5580 5475 5445 5288 5258 5123 5032 4942 4912 4801 4763 4662 4632 4529 4499 4337 4307 4157 3491 3350 2085 1985 1940 1830 1800 
Train: 33
1920 1950 2140 2880 2988 3018 3175 3205 3340 3375 3465 3495 3609 3639 3742 3772 3876 3906 4070 4100 4250 4280 4420 4455 4557 4602 4707 4737 
Train: 34
6157 6127 5932 5902 5797 5767 5610 5580 5445 5370 5280 5234 5123 5085 4984 4954 4851 4821 4659 4629 4479 4433 4292 4257 4157 2060 1950 1920 
Train: 35
2040 2880 3070 3727 3835 3865 4022 4052 4187 4222 4312 4342 4456 4486 4589 4619 4723 4753 4917 4947 5097 5127 5267 5302 5404 5449 5554 5584 
Train: 36
6314 6284 6089 6059 5954 5924 5767 5705 5570 5535 5445 5397 5286 5256 5155 5125 5022 4992 4830 4800 4650 4620 4479 4412 4312 4267 4157 2040 
Train: 37
2160 3727 3917 4000 4108 4138 4295 4325 4460 4495 4585 4615 4729 4759 4862 4892 4996 5026 5190 5220 5370 5400 5540 5575 5677 5722 5827 5857 
Train: 38
6479 6449 6254 6224 6119 6089 5932 5902 5767 5676 5586 5556 5445 5413 5312 5282 5179 5149 4987 4957 4807 4777 4636 4579 4479 4390 4280 2160 
Train: 39
2280 4000 4190 4220 4328 4358 4515 4545 4680 4715 4805 4835 4949 4979 5082 5112 5216 5246 5410 5440 5590 5620 5760 5795 5897 5942 6047 6077 
Train: 40
6636 6606 6411 6381 6276 6246 6089 6059 5924 5857 5767 5719 5608 5578 5477 5447 5344 5314 5152 5122 4972 4942 4801 4736 4636 4589 4479 2280 

Delay time of train 1 is: 0 Seconds;
Delay time of train 2 is: 0 Seconds;
Delay time of train 3 is: 0 Seconds;
Delay time of train 4 is: 0 Seconds;
Delay time of train 5 is: 0 Seconds;
Delay time of train 6 is: 10 Seconds;
Delay time of train 7 is: 0 Seconds;
Delay time of train 8 is: 1895 Seconds;
Delay time of train 9 is: 0 Seconds;
Delay time of train 10 is: 1962 Seconds;
Delay time of train 11 is: 0 Seconds;
Delay time of train 12 is: 1842 Seconds;
Delay time of train 13 is: 0 Seconds;
Delay time of train 14 is: 417 Seconds;
Delay time of train 15 is: 0 Seconds;
Delay time of train 16 is: 1127 Seconds;
Delay time of train 17 is: 0 Seconds;
Delay time of train 18 is: 1804 Seconds;
Delay time of train 19 is: 0 Seconds;
Delay time of train 20 is: 1841 Seconds;
Delay time of train 21 is: 0 Seconds;
Delay time of train 22 is: 1886 Seconds;
Delay time of train 23 is: 0 Seconds;
Delay time of train 24 is: 1766 Seconds;
Delay time of train 25 is: 0 Seconds;
Delay time of train 26 is: 1968 Seconds;
Delay time of train 27 is: 0 Seconds;
Delay time of train 28 is: 2005 Seconds;
Delay time of train 29 is: 0 Seconds;
Delay time of train 30 is: 2050 Seconds;
Delay time of train 31 is: 0 Seconds;
Delay time of train 32 is: 1930 Seconds;
Delay time of train 33 is: 710 Seconds;
Delay time of train 34 is: 2132 Seconds;
Delay time of train 35 is: 1437 Seconds;
Delay time of train 36 is: 2169 Seconds;
Delay time of train 37 is: 1590 Seconds;
Delay time of train 38 is: 2214 Seconds;
Delay time of train 39 is: 1690 Seconds;
Delay time of train 40 is: 2251 Seconds;

The sum delay time is: 36696 Seconds, i.e., 611 min or 10.19333 hours.
受影响的列车有： 22 辆列车，其中最大延迟时间是： 2251 Seconds, 为如下列车：
Train: 40, 
原始的线路清空时间: 4387 Seconds, i.e., 73 min or 1.218611 hours.
调整图的线路清空时间: 6636 Seconds, i.e., 110 min or 1.843333 hours.
线路清空时间延迟: 2249 Seconds, i.e., 37 min or 0.6247222 hours.
CPU time is 12 milliseconds, i.e., 0 seconds
