事故开始时间： 2000, 事故结束时间：3000， Headway 为： 120.
Train: 1
0 30 220 250 358 388 545 575 710 745 835 865 979 1009 1112 1142 1246 1276 1440 1470 1620 1650 1790 1825 1927 1972 2077 2107 
Train: 2
2105 2075 1880 1850 1745 1715 1558 1528 1393 1358 1268 1238 1127 1097 996 966 863 833 671 641 491 461 320 285 185 140 30 0 
Train: 3
120 150 340 370 478 508 665 695 830 865 955 985 1099 1129 1232 1262 1366 1396 1560 1590 1740 1770 1910 1945 2047 2092 2197 2227 
Train: 4
2225 2195 2000 1970 1865 1835 1678 1648 1513 1478 1388 1358 1247 1217 1116 1086 983 953 791 761 611 581 440 405 305 260 150 120 
Train: 5
240 270 460 490 598 628 785 815 950 985 1075 1105 1219 1249 1352 1382 1486 1516 1680 1710 1860 1890 2030 2065 2167 2212 2317 2347 
Train: 6
2355 2325 2130 2100 1985 1955 1798 1768 1633 1598 1508 1478 1367 1337 1236 1206 1103 1073 911 881 731 701 560 525 425 380 270 240 
Train: 7
360 390 580 610 718 748 905 935 1070 1105 1195 1225 1339 1369 1472 1502 1606 1636 1800 1830 1980 2010 2150 2185 2287 2332 2437 2467 
Train: 8
3360 3330 3135 3105 3000 2075 1918 1888 1753 1718 1628 1598 1487 1457 1356 1326 1223 1193 1031 1001 851 821 680 645 545 500 390 360 
Train: 9
480 510 700 730 838 868 1025 1055 1190 1225 1315 1345 1459 1489 1592 1622 1726 1756 1920 1950 2100 2130 2270 2305 2407 2452 2557 2587 
Train: 10
3547 3517 3322 3292 3187 3157 3000 2018 1873 1838 1748 1718 1607 1577 1476 1446 1343 1313 1151 1121 971 941 800 765 665 620 510 480 
Train: 11
600 630 820 850 958 988 1145 1175 1310 1345 1435 1465 1579 1609 1712 1742 1846 1876 2040 2070 2220 2250 2390 2425 2527 2572 2677 2707 
Train: 12
3547 3517 3322 3292 3187 3157 3000 2138 1993 1958 1868 1838 1727 1697 1596 1566 1463 1433 1271 1241 1091 1061 920 885 785 740 630 600 
Train: 13
720 750 940 970 1078 1108 1265 1295 1430 1465 1555 1585 1699 1729 1832 1862 1966 1996 2160 2190 2340 2370 2510 2545 2647 2692 2797 2827 
Train: 14
3242 3212 3017 2987 2872 2842 2685 2655 2510 2078 1988 1958 1847 1817 1716 1686 1583 1553 1391 1361 1211 1181 1040 1005 905 860 750 720 
Train: 15
840 870 1060 1090 1198 1228 1385 1415 1550 1585 1675 1705 1819 1849 1952 1982 2086 2116 2280 2310 2460 2490 2630 2665 2767 2812 2917 2947 
Train: 16
3869 3839 3644 3614 3509 3479 3322 3292 3157 2605 2515 2078 1967 1937 1836 1806 1703 1673 1511 1481 1331 1301 1160 1125 1025 980 870 840 
Train: 17
960 990 1180 1210 1318 1348 1505 1535 1670 1705 1795 1825 1939 1969 2072 2102 2206 2236 2400 2430 2580 2610 2750 2785 2887 2932 3037 3067 
Train: 18
4026 3996 3801 3771 3666 3636 3479 3417 3282 3247 3157 2626 2515 2057 1956 1926 1823 1793 1631 1601 1451 1421 1280 1245 1145 1100 990 960 
Train: 19
1080 1110 1300 1330 1438 1468 1625 1655 1790 1825 1915 1945 2059 2089 2192 2222 2326 2356 2520 2550 2700 2730 2870 2905 3007 3052 3157 3187 
Train: 20
4191 4161 3966 3936 3831 3801 3644 3614 3479 3388 3298 3268 3157 2616 2515 2046 1943 1913 1751 1721 1571 1541 1400 1365 1265 1220 1110 1080 
Train: 21
1200 1230 1420 1450 1558 1588 1745 1775 1910 1945 2035 2065 2179 2209 2312 2342 2446 2476 2640 2670 2820 2850 2990 3025 3127 3172 3277 3307 
Train: 22
4348 4318 4123 4093 3988 3958 3801 3771 3636 3569 3479 3399 3288 3258 3157 2618 2515 2033 1871 1841 1691 1661 1520 1485 1385 1340 1230 1200 
Train: 23
1320 1350 1540 1570 1678 1708 1865 1895 2030 2065 2155 2185 2299 2329 2432 2462 2566 2596 2760 2790 2940 2970 3110 3145 3247 3292 3397 3427 
Train: 24
4348 4318 4123 4093 3988 3958 3801 3771 3636 3569 3479 3399 3288 3258 3157 2618 2515 2153 1991 1961 1811 1781 1640 1605 1505 1460 1350 1320 
Train: 25
1440 1470 1660 1690 1798 1828 1985 2015 2150 2185 2275 2305 2419 2449 2552 2582 2686 2716 2880 2910 3060 3090 3230 3265 3367 3412 3517 3547 
Train: 26
4670 4640 4445 4415 4310 4280 4123 4093 3958 3891 3801 3747 3636 3583 3482 3452 3349 3319 3157 2081 1931 1901 1760 1725 1625 1580 1470 1440 
Train: 27
1560 1590 1780 1810 1918 1948 2105 2135 2270 2305 2395 2425 2539 2569 2672 2702 2806 2836 3000 3030 3180 3210 3350 3385 3487 3532 3637 3667 
Train: 28
4827 4797 4602 4572 4467 4437 4280 4218 4083 4048 3958 3912 3801 3763 3662 3632 3529 3499 3337 3307 3157 2021 1880 1845 1745 1700 1590 1560 
Train: 29
1680 1710 1900 1930 2038 2068 2225 2255 2390 2425 2515 2545 2659 2689 2792 2822 2926 2956 3120 3150 3300 3330 3470 3505 3607 3652 3757 3787 
Train: 30
4992 4962 4767 4737 4632 4602 4445 4415 4280 4195 4105 4075 3964 3934 3833 3803 3700 3670 3508 3478 3328 3298 3157 1965 1865 1820 1710 1680 
Train: 31
1800 1830 2020 2050 2158 2188 2345 2375 2510 2545 2635 2665 2779 2809 2912 2942 3046 3076 3240 3270 3420 3450 3590 3625 3727 3772 3877 3907 
Train: 32
4992 4962 4767 4737 4632 4602 4445 4415 4280 4195 4105 4075 3964 3934 3833 3803 3700 3670 3508 3478 3328 3298 3157 2085 1985 1940 1830 1800 
Train: 33
1920 1950 2140 2880 2988 3018 3175 3205 3340 3375 3465 3495 3609 3639 3742 3772 3876 3906 4070 4100 4250 4280 4420 4455 4557 4602 4707 4737 
Train: 34
5314 5284 5089 5059 4954 4924 4767 4737 4602 4527 4437 4397 4286 4256 4155 4125 4022 3992 3830 3800 3650 3620 3479 3257 3157 2060 1950 1920 
Train: 35
2040 2880 3070 3100 3208 3238 3395 3425 3560 3595 3685 3715 3829 3859 3962 3992 4096 4126 4290 4320 4470 4500 4640 4675 4777 4822 4927 4957 
Train: 36
5471 5441 5246 5216 5111 5081 4924 4862 4727 4692 4602 4554 4443 4413 4312 4282 4179 4149 3987 3957 3807 3777 3636 3579 3479 3267 3157 2040 
Train: 37
2160 3070 3260 3290 3398 3428 3585 3615 3750 3785 3875 3905 4019 4049 4152 4182 4286 4316 4480 4510 4660 4690 4830 4865 4967 5012 5117 5147 
Train: 38
5636 5606 5411 5381 5276 5246 5089 5059 4924 4839 4749 4719 4608 4578 4477 4447 4344 4314 4152 4122 3972 3942 3801 3736 3636 3589 3479 2160 
Train: 39
2280 3205 3395 3425 3533 3563 3720 3750 3885 3920 4010 4040 4154 4184 4287 4317 4421 4451 4615 4645 4795 4825 4965 5000 5102 5147 5252 5282 
Train: 40
5793 5763 5568 5538 5433 5403 5246 5216 5081 5014 4924 4876 4765 4735 4634 4604 4501 4471 4309 4279 4129 4099 3958 3901 3801 3746 3636 2280 

Delay time of train 1 is: 0 Seconds;
Delay time of train 2 is: 0 Seconds;
Delay time of train 3 is: 0 Seconds;
Delay time of train 4 is: 0 Seconds;
Delay time of train 5 is: 0 Seconds;
Delay time of train 6 is: 10 Seconds;
Delay time of train 7 is: 0 Seconds;
Delay time of train 8 is: 895 Seconds;
Delay time of train 9 is: 0 Seconds;
Delay time of train 10 is: 962 Seconds;
Delay time of train 11 is: 0 Seconds;
Delay time of train 12 is: 842 Seconds;
Delay time of train 13 is: 0 Seconds;
Delay time of train 14 is: 417 Seconds;
Delay time of train 15 is: 0 Seconds;
Delay time of train 16 is: 924 Seconds;
Delay time of train 17 is: 0 Seconds;
Delay time of train 18 is: 961 Seconds;
Delay time of train 19 is: 0 Seconds;
Delay time of train 20 is: 1006 Seconds;
Delay time of train 21 is: 0 Seconds;
Delay time of train 22 is: 1043 Seconds;
Delay time of train 23 is: 0 Seconds;
Delay time of train 24 is: 923 Seconds;
Delay time of train 25 is: 0 Seconds;
Delay time of train 26 is: 1125 Seconds;
Delay time of train 27 is: 0 Seconds;
Delay time of train 28 is: 1162 Seconds;
Delay time of train 29 is: 0 Seconds;
Delay time of train 30 is: 1207 Seconds;
Delay time of train 31 is: 0 Seconds;
Delay time of train 32 is: 1087 Seconds;
Delay time of train 33 is: 710 Seconds;
Delay time of train 34 is: 1289 Seconds;
Delay time of train 35 is: 810 Seconds;
Delay time of train 36 is: 1326 Seconds;
Delay time of train 37 is: 880 Seconds;
Delay time of train 38 is: 1371 Seconds;
Delay time of train 39 is: 895 Seconds;
Delay time of train 40 is: 1408 Seconds;

The sum delay time is: 21253 Seconds, i.e., 354 min or 5.903611 hours.
受影响的列车有： 22 辆列车，其中最大延迟时间是： 1408 Seconds, 为如下列车：
Train: 40, 
原始的线路清空时间: 4387 Seconds, i.e., 73 min or 1.218611 hours.
调整图的线路清空时间: 5793 Seconds, i.e., 96 min or 1.609167 hours.
线路清空时间延迟: 1406 Seconds, i.e., 23 min or 0.3905556 hours.
CPU time is 8 milliseconds, i.e., 0 seconds
