事故开始时间： 2000, 事故结束时间：3000， Headway 为： 200.
Train: 1
0 30 220 250 358 388 545 575 710 745 835 865 979 1009 1112 1142 1246 1276 1440 1470 1620 1650 1790 1825 1927 1972 2077 2107 
Train: 2
2105 2075 1880 1850 1745 1715 1558 1528 1393 1358 1268 1238 1127 1097 996 966 863 833 671 641 491 461 320 285 185 140 30 0 
Train: 3
200 230 420 450 558 588 745 775 910 945 1035 1065 1179 1209 1312 1342 1446 1476 1640 1670 1820 1850 1990 2025 2127 2172 2277 2307 
Train: 4
2315 2285 2090 2060 1945 1915 1758 1728 1593 1558 1468 1438 1327 1297 1196 1166 1063 1033 871 841 691 661 520 485 385 340 230 200 
Train: 5
400 430 620 650 758 788 945 975 1110 1145 1235 1265 1379 1409 1512 1542 1646 1676 1840 1870 2020 2050 2190 2225 2327 2372 2477 2507 
Train: 6
3360 3330 3135 3105 3000 2115 1958 1928 1793 1758 1668 1638 1527 1497 1396 1366 1263 1233 1071 1041 891 861 720 685 585 540 430 400 
Train: 7
600 630 820 850 958 988 1145 1175 1310 1345 1435 1465 1579 1609 1712 1742 1846 1876 2040 2070 2220 2250 2390 2425 2527 2572 2677 2707 
Train: 8
3589 3559 3364 3334 3229 3199 3042 2138 1993 1958 1868 1838 1727 1697 1596 1566 1463 1433 1271 1241 1091 1061 920 885 785 740 630 600 
Train: 9
800 830 1020 1050 1158 1188 1345 1375 1510 1545 1635 1665 1779 1809 1912 1942 2046 2076 2240 2270 2420 2450 2590 2625 2727 2772 2877 2907 
Train: 10
3465 3435 3240 3210 3105 3042 2885 2855 2710 2228 2138 2038 1927 1897 1796 1766 1663 1633 1471 1441 1291 1261 1120 1085 985 940 830 800 
Train: 11
1000 1030 1220 1250 1358 1388 1545 1575 1710 1745 1835 1865 1979 2009 2112 2142 2246 2276 2440 2470 2620 2650 2790 2825 2927 2972 3077 3107 
Train: 12
3754 3724 3529 3499 3394 3364 3207 3177 3042 2802 2712 2249 2138 2097 1996 1966 1863 1833 1671 1641 1491 1461 1320 1285 1185 1140 1030 1000 
Train: 13
1200 1230 1420 1450 1558 1588 1745 1775 1910 1945 2035 2065 2179 2209 2312 2342 2446 2476 2640 2670 2820 2850 2990 3025 3127 3172 3277 3307 
Train: 14
3911 3881 3686 3656 3551 3521 3364 3334 3199 3132 3042 2823 2712 2297 2196 2166 2063 2033 1871 1841 1691 1661 1520 1485 1385 1340 1230 1200 
Train: 15
1400 1430 1620 1650 1758 1788 1945 1975 2110 2145 2235 2265 2379 2409 2512 2542 2646 2676 2840 2870 3020 3050 3190 3225 3327 3372 3477 3507 
Train: 16
4076 4046 3851 3821 3716 3686 3529 3499 3364 3289 3199 3153 3042 2813 2712 2366 2263 2233 2071 2041 1891 1861 1720 1685 1585 1540 1430 1400 
Train: 17
1600 1630 1820 1850 1958 1988 2145 2175 2310 2345 2435 2465 2579 2609 2712 2742 2846 2876 3040 3070 3220 3250 3390 3425 3527 3572 3677 3707 
Train: 18
4233 4203 4008 3978 3873 3843 3686 3656 3521 3454 3364 3310 3199 3143 3042 2815 2712 2433 2271 2241 2091 2061 1920 1885 1785 1740 1630 1600 
Train: 19
1800 1830 2020 2050 2158 2188 2345 2375 2510 2545 2635 2665 2779 2809 2912 2942 3046 3076 3240 3270 3420 3450 3590 3625 3727 3772 3877 3907 
Train: 20
4398 4368 4173 4143 4038 4008 3851 3821 3686 3611 3521 3475 3364 3300 3199 3145 3042 2874 2712 2441 2291 2261 2120 2085 1985 1940 1830 1800 
Train: 21
2000 2030 2220 2250 2358 2388 2545 2575 2710 2745 2835 2865 2979 3009 3112 3142 3246 3276 3440 3470 3620 3650 3790 3825 3927 3972 4077 4107 
Train: 22
4555 4525 4330 4300 4195 4165 4008 3978 3843 3776 3686 3632 3521 3468 3367 3337 3234 3204 3042 2862 2712 2461 2320 2285 2185 2140 2030 2000 
Train: 23
2200 2230 2420 3000 3108 3138 3295 3325 3460 3495 3585 3615 3729 3759 3862 3892 3996 4026 4190 4220 4370 4400 4540 4575 4677 4722 4827 4857 
Train: 24
4720 4690 4495 4465 4360 4330 4173 4143 4008 3933 3843 3797 3686 3648 3547 3517 3414 3384 3222 3192 3042 2853 2712 2485 2385 2340 2230 2200 
Train: 25
2400 3000 3190 3220 3328 3358 3515 3545 3680 3715 3805 3835 3949 3979 4082 4112 4216 4246 4410 4440 4590 4620 4760 4795 4897 4942 5047 5077 
Train: 26
4877 4847 4652 4622 4517 4487 4330 4300 4165 4098 4008 3960 3849 3819 3718 3688 3585 3555 3393 3363 3213 3183 3042 2812 2712 2540 2430 2400 
Train: 27
2600 3200 3390 3420 3528 3558 3715 3745 3880 3915 4005 4035 4149 4179 4282 4312 4416 4446 4610 4640 4790 4820 4960 4995 5097 5142 5247 5277 
Train: 28
5042 5012 4817 4787 4682 4652 4495 4465 4330 4255 4165 4119 4008 3976 3875 3845 3742 3712 3550 3520 3370 3340 3199 3142 3042 2822 2712 2600 
Train: 29
2800 3400 3590 3620 3728 3758 3915 3945 4080 4115 4205 4235 4349 4379 4482 4512 4616 4646 4810 4840 4990 5020 5160 5195 5297 5342 5447 5477 
Train: 30
5199 5169 4974 4944 4839 4809 4652 4622 4487 4420 4330 4282 4171 4141 4040 4010 3907 3877 3715 3685 3535 3505 3364 3299 3199 3152 3042 2800 
Train: 31
3000 3600 3790 3820 3928 3958 4115 4145 4280 4315 4405 4435 4549 4579 4682 4712 4816 4846 5010 5040 5190 5220 5360 5395 5497 5542 5647 5677 
Train: 32
5364 5334 5139 5109 5004 4974 4817 4787 4652 4577 4487 4454 4343 4313 4212 4182 4079 4049 3887 3857 3707 3677 3536 3501 3401 3356 3246 3000 
Train: 33
3200 3800 3990 4020 4128 4158 4315 4345 4480 4515 4605 4635 4749 4779 4882 4912 5016 5046 5210 5240 5390 5420 5560 5595 5697 5742 5847 5877 
Train: 34
5525 5495 5300 5270 5165 5135 4978 4948 4813 4778 4688 4658 4547 4517 4416 4386 4283 4253 4091 4061 3911 3881 3740 3705 3605 3560 3450 3200 
Train: 35
3400 4005 4195 4225 4333 4363 4520 4550 4685 4720 4810 4840 4954 4984 5087 5117 5221 5251 5415 5445 5595 5625 5765 5800 5902 5947 6052 6082 
Train: 36
5725 5695 5500 5470 5365 5335 5178 5148 5013 4978 4888 4858 4747 4717 4616 4586 4483 4453 4291 4261 4111 4081 3940 3905 3805 3760 3650 3400 
Train: 37
3600 4205 4395 4425 4533 4563 4720 4750 4885 4920 5010 5040 5154 5184 5287 5317 5421 5451 5615 5645 5795 5825 5965 6000 6102 6147 6252 6282 
Train: 38
5926 5896 5701 5671 5566 5536 5379 5349 5214 5179 5089 5059 4948 4918 4817 4787 4684 4654 4492 4462 4312 4282 4141 4106 4006 3961 3851 3600 
Train: 39
3800 4405 4595 4625 4733 4763 4920 4950 5085 5120 5210 5240 5354 5384 5487 5517 5621 5651 5815 5845 5995 6025 6165 6200 6302 6347 6452 6482 
Train: 40
6136 6106 5911 5881 5776 5746 5589 5559 5424 5389 5299 5269 5158 5128 5027 4997 4894 4864 4702 4672 4522 4492 4351 4316 4216 4171 4061 3800 

Delay time of train 1 is: 0 Seconds;
Delay time of train 2 is: 0 Seconds;
Delay time of train 3 is: 0 Seconds;
Delay time of train 4 is: 10 Seconds;
Delay time of train 5 is: 0 Seconds;
Delay time of train 6 is: 855 Seconds;
Delay time of train 7 is: 0 Seconds;
Delay time of train 8 is: 884 Seconds;
Delay time of train 9 is: 0 Seconds;
Delay time of train 10 is: 560 Seconds;
Delay time of train 11 is: 0 Seconds;
Delay time of train 12 is: 649 Seconds;
Delay time of train 13 is: 0 Seconds;
Delay time of train 14 is: 606 Seconds;
Delay time of train 15 is: 0 Seconds;
Delay time of train 16 is: 571 Seconds;
Delay time of train 17 is: 0 Seconds;
Delay time of train 18 is: 528 Seconds;
Delay time of train 19 is: 0 Seconds;
Delay time of train 20 is: 493 Seconds;
Delay time of train 21 is: 0 Seconds;
Delay time of train 22 is: 450 Seconds;
Delay time of train 23 is: 550 Seconds;
Delay time of train 24 is: 415 Seconds;
Delay time of train 25 is: 570 Seconds;
Delay time of train 26 is: 372 Seconds;
Delay time of train 27 is: 570 Seconds;
Delay time of train 28 is: 337 Seconds;
Delay time of train 29 is: 570 Seconds;
Delay time of train 30 is: 294 Seconds;
Delay time of train 31 is: 570 Seconds;
Delay time of train 32 is: 259 Seconds;
Delay time of train 33 is: 570 Seconds;
Delay time of train 34 is: 220 Seconds;
Delay time of train 35 is: 575 Seconds;
Delay time of train 36 is: 220 Seconds;
Delay time of train 37 is: 575 Seconds;
Delay time of train 38 is: 221 Seconds;
Delay time of train 39 is: 575 Seconds;
Delay time of train 40 is: 231 Seconds;

The sum delay time is: 13300 Seconds, i.e., 221 min or 3.694444 hours.
受影响的列车有： 28 辆列车，其中最大延迟时间是： 884 Seconds, 为如下列车：
Train: 8, 
原始的线路清空时间: 5907 Seconds, i.e., 98 min or 1.640833 hours.
调整图的线路清空时间: 6482 Seconds, i.e., 108 min or 1.800556 hours.
线路清空时间延迟: 575 Seconds, i.e., 9 min or 0.1597222 hours.
CPU time is 6 milliseconds, i.e., 0 seconds
