事故开始时间： 2000, 事故结束时间：4000， Headway 为： 200.
Train: 1
0 30 220 250 358 388 545 575 710 745 835 865 979 1009 1112 1142 1246 1276 1440 1470 1620 1650 1790 1825 1927 1972 2077 2107 
Train: 2
2105 2075 1880 1850 1745 1715 1558 1528 1393 1358 1268 1238 1127 1097 996 966 863 833 671 641 491 461 320 285 185 140 30 0 
Train: 3
200 230 420 450 558 588 745 775 910 945 1035 1065 1179 1209 1312 1342 1446 1476 1640 1670 1820 1850 1990 2025 2127 2172 2277 2307 
Train: 4
2315 2285 2090 2060 1945 1915 1758 1728 1593 1558 1468 1438 1327 1297 1196 1166 1063 1033 871 841 691 661 520 485 385 340 230 200 
Train: 5
400 430 620 650 758 788 945 975 1110 1145 1235 1265 1379 1409 1512 1542 1646 1676 1840 1870 2020 2050 2190 2225 2327 2372 2477 2507 
Train: 6
4363 4333 4138 4108 4003 2115 1958 1928 1793 1758 1668 1638 1527 1497 1396 1366 1263 1233 1071 1041 891 861 720 685 585 540 430 400 
Train: 7
600 630 820 850 958 988 1145 1175 1310 1345 1435 1465 1579 1609 1712 1742 1846 1876 2040 2070 2220 2250 2390 2425 2527 2572 2677 2707 
Train: 8
4547 4517 4322 4292 4187 4157 4000 2138 1993 1958 1868 1838 1727 1697 1596 1566 1463 1433 1271 1241 1091 1061 920 885 785 740 630 600 
Train: 9
800 830 1020 1050 1158 1188 1345 1375 1510 1545 1635 1665 1779 1809 1912 1942 2046 2076 2240 2270 2420 2450 2590 2625 2727 2772 2877 2907 
Train: 10
3442 3412 3217 3187 3072 3042 2885 2855 2710 2228 2138 2038 1927 1897 1796 1766 1663 1633 1471 1441 1291 1261 1120 1085 985 940 830 800 
Train: 11
1000 1030 1220 1250 1358 1388 1545 1575 1710 1745 1835 1865 1979 2009 2112 2142 2246 2276 2440 2470 2620 2650 2790 2825 2927 2972 3077 3107 
Train: 12
4258 4228 4033 4003 3898 3868 3711 3681 3536 2802 2712 2249 2138 2097 1996 1966 1863 1833 1671 1641 1491 1461 1320 1285 1185 1140 1030 1000 
Train: 13
1200 1230 1420 1450 1558 1588 1745 1775 1910 1945 2035 2065 2179 2209 2312 2342 2446 2476 2640 2670 2820 2850 2990 3025 3127 3172 3277 3307 
Train: 14
4712 4682 4487 4457 4352 4322 4165 4135 4000 3661 3571 2823 2712 2297 2196 2166 2063 2033 1871 1841 1691 1661 1520 1485 1385 1340 1230 1200 
Train: 15
1400 1430 1620 1650 1758 1788 1945 1975 2110 2145 2235 2265 2379 2409 2512 2542 2646 2676 2840 2870 3020 3050 3190 3225 3327 3372 3477 3507 
Train: 16
4869 4839 4644 4614 4509 4479 4322 4292 4157 4090 4000 3682 3571 2813 2712 2366 2263 2233 2071 2041 1891 1861 1720 1685 1585 1540 1430 1400 
Train: 17
1600 1630 1820 1850 1958 1988 2145 2175 2310 2345 2435 2465 2579 2609 2712 2742 2846 2876 3040 3070 3220 3250 3390 3425 3527 3572 3677 3707 
Train: 18
5034 5004 4809 4779 4674 4644 4487 4457 4322 4247 4157 4111 4000 3672 3571 2815 2712 2433 2271 2241 2091 2061 1920 1885 1785 1740 1630 1600 
Train: 19
1800 1830 2020 2050 2158 2188 2345 2375 2510 2545 2635 2665 2779 2809 2912 2942 3046 3076 3240 3270 3420 3450 3590 3625 3727 3772 3877 3907 
Train: 20
5191 5161 4966 4936 4831 4801 4644 4614 4479 4412 4322 4268 4157 4101 4000 3674 3571 2874 2712 2441 2291 2261 2120 2085 1985 1940 1830 1800 
Train: 21
2000 2030 2220 2250 2358 2388 2545 2575 2710 2745 2835 2865 2979 3009 3112 3142 3246 3276 3440 3470 3620 3650 3790 3825 3927 3972 4077 4107 
Train: 22
5356 5326 5131 5101 4996 4966 4809 4779 4644 4569 4479 4433 4322 4258 4157 4103 4000 3733 3571 2862 2712 2461 2320 2285 2185 2140 2030 2000 
Train: 23
2200 2230 2420 3076 3184 3214 3371 3401 3536 3571 3661 3691 3805 3835 3938 3968 4072 4102 4266 4296 4446 4476 4616 4651 4753 4798 4903 4933 
Train: 24
5513 5483 5288 5258 5153 5123 4966 4936 4801 4734 4644 4590 4479 4426 4325 4295 4192 4162 4000 3721 3571 2853 2712 2485 2385 2340 2230 2200 
Train: 25
2400 3076 3266 3907 4015 4045 4202 4232 4367 4402 4492 4522 4636 4666 4769 4799 4903 4933 5097 5127 5277 5307 5447 5482 5584 5629 5734 5764 
Train: 26
5678 5648 5453 5423 5318 5288 5131 5101 4966 4891 4801 4755 4644 4606 4505 4475 4372 4342 4180 4150 4000 3712 3571 2812 2712 2540 2430 2400 
Train: 27
2600 3907 4097 4127 4235 4265 4422 4452 4587 4622 4712 4742 4856 4886 4989 5019 5123 5153 5317 5347 5497 5527 5667 5702 5804 5849 5954 5984 
Train: 28
5835 5805 5610 5580 5475 5445 5288 5258 5123 5056 4966 4918 4807 4777 4676 4646 4543 4513 4351 4321 4171 4141 4000 3671 3571 2822 2712 2600 
Train: 29
2800 4107 4297 4327 4435 4465 4622 4652 4787 4822 4912 4942 5056 5086 5189 5219 5323 5353 5517 5547 5697 5727 5867 5902 6004 6049 6154 6184 
Train: 30
6000 5970 5775 5745 5640 5610 5453 5423 5288 5213 5123 5077 4966 4934 4833 4803 4700 4670 4508 4478 4328 4298 4157 4100 4000 3681 3571 2800 
Train: 31
3000 4312 4502 4532 4640 4670 4827 4857 4992 5027 5117 5147 5261 5291 5394 5424 5528 5558 5722 5752 5902 5932 6072 6107 6209 6254 6359 6389 
Train: 32
6157 6127 5932 5902 5797 5767 5610 5580 5445 5378 5288 5240 5129 5099 4998 4968 4865 4835 4673 4643 4493 4463 4322 4257 4157 4110 4000 3000 
Train: 33
3200 4512 4702 4732 4840 4870 5027 5057 5192 5227 5317 5347 5461 5491 5594 5624 5728 5758 5922 5952 6102 6132 6272 6307 6409 6454 6559 6589 
Train: 34
6322 6292 6097 6067 5962 5932 5775 5745 5610 5535 5445 5410 5299 5269 5168 5138 5035 5005 4843 4813 4663 4633 4492 4457 4357 4312 4202 3200 
Train: 35
3400 4712 4902 4932 5040 5070 5227 5257 5392 5427 5517 5547 5661 5691 5794 5824 5928 5958 6122 6152 6302 6332 6472 6507 6609 6654 6759 6789 
Train: 36
6479 6449 6254 6224 6119 6089 5932 5902 5767 5730 5640 5610 5499 5469 5368 5338 5235 5205 5043 5013 4863 4833 4692 4657 4557 4512 4402 3400 
Train: 37
3600 4912 5102 5132 5240 5270 5427 5457 5592 5627 5717 5747 5861 5891 5994 6024 6128 6158 6322 6352 6502 6532 6672 6707 6809 6854 6959 6989 
Train: 38
6679 6649 6454 6424 6319 6289 6132 6102 5967 5932 5842 5812 5701 5671 5570 5540 5437 5407 5245 5215 5065 5035 4894 4859 4759 4714 4604 3600 
Train: 39
3800 5117 5307 5337 5445 5475 5632 5662 5797 5832 5922 5952 6066 6096 6199 6229 6333 6363 6527 6557 6707 6737 6877 6912 7014 7059 7164 7194 
Train: 40
6882 6852 6657 6627 6522 6492 6335 6305 6170 6135 6045 6015 5904 5874 5773 5743 5640 5610 5448 5418 5268 5238 5097 5062 4962 4917 4807 3800 

Delay time of train 1 is: 0 Seconds;
Delay time of train 2 is: 0 Seconds;
Delay time of train 3 is: 0 Seconds;
Delay time of train 4 is: 10 Seconds;
Delay time of train 5 is: 0 Seconds;
Delay time of train 6 is: 1858 Seconds;
Delay time of train 7 is: 0 Seconds;
Delay time of train 8 is: 1842 Seconds;
Delay time of train 9 is: 0 Seconds;
Delay time of train 10 is: 537 Seconds;
Delay time of train 11 is: 0 Seconds;
Delay time of train 12 is: 1153 Seconds;
Delay time of train 13 is: 0 Seconds;
Delay time of train 14 is: 1407 Seconds;
Delay time of train 15 is: 0 Seconds;
Delay time of train 16 is: 1364 Seconds;
Delay time of train 17 is: 0 Seconds;
Delay time of train 18 is: 1329 Seconds;
Delay time of train 19 is: 0 Seconds;
Delay time of train 20 is: 1286 Seconds;
Delay time of train 21 is: 0 Seconds;
Delay time of train 22 is: 1251 Seconds;
Delay time of train 23 is: 626 Seconds;
Delay time of train 24 is: 1208 Seconds;
Delay time of train 25 is: 1257 Seconds;
Delay time of train 26 is: 1173 Seconds;
Delay time of train 27 is: 1277 Seconds;
Delay time of train 28 is: 1130 Seconds;
Delay time of train 29 is: 1277 Seconds;
Delay time of train 30 is: 1095 Seconds;
Delay time of train 31 is: 1282 Seconds;
Delay time of train 32 is: 1052 Seconds;
Delay time of train 33 is: 1282 Seconds;
Delay time of train 34 is: 1017 Seconds;
Delay time of train 35 is: 1282 Seconds;
Delay time of train 36 is: 974 Seconds;
Delay time of train 37 is: 1282 Seconds;
Delay time of train 38 is: 974 Seconds;
Delay time of train 39 is: 1287 Seconds;
Delay time of train 40 is: 977 Seconds;

The sum delay time is: 32489 Seconds, i.e., 541 min or 9.024722 hours.
受影响的列车有： 28 辆列车，其中最大延迟时间是： 1858 Seconds, 为如下列车：
Train: 6, 
原始的线路清空时间: 5907 Seconds, i.e., 98 min or 1.640833 hours.
调整图的线路清空时间: 7194 Seconds, i.e., 119 min or 1.998333 hours.
线路清空时间延迟: 1287 Seconds, i.e., 21 min or 0.3575 hours.
CPU time is 13 milliseconds, i.e., 0 seconds
