事故开始时间： 2000, 事故结束时间：3000， Headway 为： 160.
Train: 1
0 30 220 250 358 388 545 575 710 745 835 865 979 1009 1112 1142 1246 1276 1440 1470 1620 1650 1790 1825 1927 1972 2077 2107 
Train: 2
2105 2075 1880 1850 1745 1715 1558 1528 1393 1358 1268 1238 1127 1097 996 966 863 833 671 641 491 461 320 285 185 140 30 0 
Train: 3
160 190 380 410 518 548 705 735 870 905 995 1025 1139 1169 1272 1302 1406 1436 1600 1630 1780 1810 1950 1985 2087 2132 2237 2267 
Train: 4
2275 2245 2050 2020 1905 1875 1718 1688 1553 1518 1428 1398 1287 1257 1156 1126 1023 993 831 801 651 621 480 445 345 300 190 160 
Train: 5
320 350 540 570 678 708 865 895 1030 1065 1155 1185 1299 1329 1432 1462 1566 1596 1760 1790 1940 1970 2110 2145 2247 2292 2397 2427 
Train: 6
3360 3330 3135 3105 3000 2035 1878 1848 1713 1678 1588 1558 1447 1417 1316 1286 1183 1153 991 961 811 781 640 605 505 460 350 320 
Train: 7
480 510 700 730 838 868 1025 1055 1190 1225 1315 1345 1459 1489 1592 1622 1726 1756 1920 1950 2100 2130 2270 2305 2407 2452 2557 2587 
Train: 8
3547 3517 3322 3292 3187 3157 3000 2018 1873 1838 1748 1718 1607 1577 1476 1446 1343 1313 1151 1121 971 941 800 765 665 620 510 480 
Train: 9
640 670 860 890 998 1028 1185 1215 1350 1385 1475 1505 1619 1649 1752 1782 1886 1916 2080 2110 2260 2290 2430 2465 2567 2612 2717 2747 
Train: 10
3202 3172 2977 2947 2832 2802 2645 2615 2470 1998 1908 1878 1767 1737 1636 1606 1503 1473 1311 1281 1131 1101 960 925 825 780 670 640 
Train: 11
800 830 1020 1050 1158 1188 1345 1375 1510 1545 1635 1665 1779 1809 1912 1942 2046 2076 2240 2270 2420 2450 2590 2625 2727 2772 2877 2907 
Train: 12
3712 3682 3487 3457 3352 3322 3165 3135 3000 2560 2470 2038 1927 1897 1796 1766 1663 1633 1471 1441 1291 1261 1120 1085 985 940 830 800 
Train: 13
960 990 1180 1210 1318 1348 1505 1535 1670 1705 1795 1825 1939 1969 2072 2102 2206 2236 2400 2430 2580 2610 2750 2785 2887 2932 3037 3067 
Train: 14
3869 3839 3644 3614 3509 3479 3322 3292 3157 3090 3000 2581 2470 2057 1956 1926 1823 1793 1631 1601 1451 1421 1280 1245 1145 1100 990 960 
Train: 15
1120 1150 1340 1370 1478 1508 1665 1695 1830 1865 1955 1985 2099 2129 2232 2262 2366 2396 2560 2590 2740 2770 2910 2945 3047 3092 3197 3227 
Train: 16
4034 4004 3809 3779 3674 3644 3487 3457 3322 3247 3157 3111 3000 2571 2470 2086 1983 1953 1791 1761 1611 1581 1440 1405 1305 1260 1150 1120 
Train: 17
1280 1310 1500 1530 1638 1668 1825 1855 1990 2025 2115 2145 2259 2289 2392 2422 2526 2556 2720 2750 2900 2930 3070 3105 3207 3252 3357 3387 
Train: 18
4191 4161 3966 3936 3831 3801 3644 3614 3479 3412 3322 3268 3157 3101 3000 2573 2470 2113 1951 1921 1771 1741 1600 1565 1465 1420 1310 1280 
Train: 19
1440 1470 1660 1690 1798 1828 1985 2015 2150 2185 2275 2305 2419 2449 2552 2582 2686 2716 2880 2910 3060 3090 3230 3265 3367 3412 3517 3547 
Train: 20
4356 4326 4131 4101 3996 3966 3809 3779 3644 3569 3479 3433 3322 3258 3157 3103 3000 2632 2470 2081 1931 1901 1760 1725 1625 1580 1470 1440 
Train: 21
1600 1630 1820 1850 1958 1988 2145 2175 2310 2345 2435 2465 2579 2609 2712 2742 2846 2876 3040 3070 3220 3250 3390 3425 3527 3572 3677 3707 
Train: 22
4513 4483 4288 4258 4153 4123 3966 3936 3801 3734 3644 3590 3479 3426 3325 3295 3192 3162 3000 2620 2470 2061 1920 1885 1785 1740 1630 1600 
Train: 23
1760 1790 1980 2010 2118 2148 2305 2335 2470 2505 2595 2625 2739 2769 2872 2902 3006 3036 3200 3230 3380 3410 3550 3585 3687 3732 3837 3867 
Train: 24
4678 4648 4453 4423 4318 4288 4131 4101 3966 3891 3801 3755 3644 3606 3505 3475 3372 3342 3180 3150 3000 2611 2470 2045 1945 1900 1790 1760 
Train: 25
1920 1950 2140 2846 2954 2984 3141 3171 3306 3341 3431 3461 3575 3605 3708 3738 3842 3872 4036 4066 4216 4246 4386 4421 4523 4568 4673 4703 
Train: 26
4835 4805 4610 4580 4475 4445 4288 4258 4123 4056 3966 3918 3807 3777 3676 3646 3543 3513 3351 3321 3171 3141 3000 2570 2470 2060 1950 1920 
Train: 27
2080 2846 3036 3066 3174 3204 3361 3391 3526 3561 3651 3681 3795 3825 3928 3958 4062 4092 4256 4286 4436 4466 4606 4641 4743 4788 4893 4923 
Train: 28
5000 4970 4775 4745 4640 4610 4453 4423 4288 4213 4123 4077 3966 3934 3833 3803 3700 3670 3508 3478 3328 3298 3157 3100 3000 2580 2470 2080 
Train: 29
2240 3036 3226 3256 3364 3394 3551 3581 3716 3751 3841 3871 3985 4015 4118 4148 4252 4282 4446 4476 4626 4656 4796 4831 4933 4978 5083 5113 
Train: 30
5157 5127 4932 4902 4797 4767 4610 4580 4445 4378 4288 4240 4129 4099 3998 3968 3865 3835 3673 3643 3493 3463 3322 3257 3157 3110 3000 2240 
Train: 31
2400 3226 3416 3446 3554 3584 3741 3771 3906 3941 4031 4061 4175 4205 4308 4338 4442 4472 4636 4666 4816 4846 4986 5021 5123 5168 5273 5303 
Train: 32
5322 5292 5097 5067 4962 4932 4775 4745 4610 4535 4445 4399 4288 4256 4155 4125 4022 3992 3830 3800 3650 3620 3479 3422 3322 3272 3162 2400 
Train: 33
2560 3416 3606 3636 3744 3774 3931 3961 4096 4131 4221 4251 4365 4395 4498 4528 4632 4662 4826 4856 5006 5036 5176 5211 5313 5358 5463 5493 
Train: 34
5479 5449 5254 5224 5119 5089 4932 4902 4767 4700 4610 4562 4451 4421 4320 4290 4187 4157 3995 3965 3815 3785 3644 3579 3479 3432 3322 2560 
Train: 35
2720 3606 3796 3826 3934 3964 4121 4151 4286 4321 4411 4441 4555 4585 4688 4718 4822 4852 5016 5046 5196 5226 5366 5401 5503 5548 5653 5683 
Train: 36
5644 5614 5419 5389 5284 5254 5097 5067 4932 4857 4767 4721 4610 4578 4477 4447 4344 4314 4152 4122 3972 3942 3801 3744 3644 3597 3487 2720 
Train: 37
2880 3796 3986 4016 4124 4154 4311 4341 4476 4511 4601 4631 4745 4775 4878 4908 5012 5042 5206 5236 5386 5416 5556 5591 5693 5738 5843 5873 
Train: 38
5801 5771 5576 5546 5441 5411 5254 5224 5089 5022 4932 4884 4773 4743 4642 4612 4509 4479 4317 4287 4137 4107 3966 3905 3805 3760 3650 2880 
Train: 39
3040 3986 4176 4206 4314 4344 4501 4531 4666 4701 4791 4821 4935 4965 5068 5098 5202 5232 5396 5426 5576 5606 5746 5781 5883 5928 6033 6063 
Train: 40
5966 5936 5741 5711 5606 5576 5419 5389 5254 5179 5089 5043 4932 4900 4799 4769 4666 4636 4474 4444 4294 4264 4123 4070 3970 3925 3815 3040 

Delay time of train 1 is: 0 Seconds;
Delay time of train 2 is: 0 Seconds;
Delay time of train 3 is: 0 Seconds;
Delay time of train 4 is: 10 Seconds;
Delay time of train 5 is: 0 Seconds;
Delay time of train 6 is: 935 Seconds;
Delay time of train 7 is: 0 Seconds;
Delay time of train 8 is: 962 Seconds;
Delay time of train 9 is: 0 Seconds;
Delay time of train 10 is: 457 Seconds;
Delay time of train 11 is: 0 Seconds;
Delay time of train 12 is: 807 Seconds;
Delay time of train 13 is: 0 Seconds;
Delay time of train 14 is: 804 Seconds;
Delay time of train 15 is: 0 Seconds;
Delay time of train 16 is: 809 Seconds;
Delay time of train 17 is: 0 Seconds;
Delay time of train 18 is: 806 Seconds;
Delay time of train 19 is: 0 Seconds;
Delay time of train 20 is: 811 Seconds;
Delay time of train 21 is: 0 Seconds;
Delay time of train 22 is: 808 Seconds;
Delay time of train 23 is: 0 Seconds;
Delay time of train 24 is: 813 Seconds;
Delay time of train 25 is: 676 Seconds;
Delay time of train 26 is: 810 Seconds;
Delay time of train 27 is: 736 Seconds;
Delay time of train 28 is: 815 Seconds;
Delay time of train 29 is: 766 Seconds;
Delay time of train 30 is: 812 Seconds;
Delay time of train 31 is: 796 Seconds;
Delay time of train 32 is: 817 Seconds;
Delay time of train 33 is: 826 Seconds;
Delay time of train 34 is: 814 Seconds;
Delay time of train 35 is: 856 Seconds;
Delay time of train 36 is: 819 Seconds;
Delay time of train 37 is: 886 Seconds;
Delay time of train 38 is: 816 Seconds;
Delay time of train 39 is: 916 Seconds;
Delay time of train 40 is: 821 Seconds;

The sum delay time is: 21004 Seconds, i.e., 350 min or 5.834445 hours.
受影响的列车有： 27 辆列车，其中最大延迟时间是： 962 Seconds, 为如下列车：
Train: 8, 
原始的线路清空时间: 5147 Seconds, i.e., 85 min or 1.429722 hours.
调整图的线路清空时间: 6063 Seconds, i.e., 101 min or 1.684167 hours.
线路清空时间延迟: 916 Seconds, i.e., 15 min or 0.2544445 hours.
CPU time is 10 milliseconds, i.e., 0 seconds
